Date,Open,High,Low,Close,Adj Close,Volume,MA_33,MA_89,MA_233
2019-11-18,64.5,66.37999725341797,64.2300033569336,65.73999786376953,65.73999786376953,7409100,,,
2019-11-19,65.69999694824219,66.5,65.13999938964844,66.37000274658203,66.37000274658203,6884200,,,
2019-11-20,66.36000061035156,67.75,66.0199966430664,67.16999816894531,67.16999816894531,9595800,,,
2019-11-21,67.16999816894531,67.66999816894531,66.27999877929688,67.41999816894531,67.41999816894531,7864400,,,
2019-11-22,67.48999786376953,68.06999969482422,67.03500366210938,67.75,67.75,5804200,,,
2019-11-25,68.31999969482422,69.52999877929688,68.08999633789062,68.25,68.25,9599300,,,
2019-11-26,69.12999725341797,69.44000244140625,67.93000030517578,68.94000244140625,68.94000244140625,9981100,,,
2019-11-27,68.94000244140625,69.7300033569336,68.4000015258789,69.6500015258789,69.6500015258789,4412900,,,
2019-11-29,69.33999633789062,69.5999984741211,68.94000244140625,69.12000274658203,69.12000274658203,2478400,,,
2019-12-02,68.94999694824219,68.95999908447266,66.11000061035156,66.87999725341797,66.87999725341797,6758200,,,
2019-12-03,65.30000305175781,67.33000183105469,64.68000030517578,67.04000091552734,67.04000091552734,4432700,,,
2019-12-04,67.47000122070312,68.43000030517578,67.19000244140625,67.77999877929688,67.77999877929688,3715100,,,
2019-12-05,67.58999633789062,67.88999938964844,66.66000366210938,67.13999938964844,67.13999938964844,4265000,,,
2019-12-06,67.66999816894531,68.322998046875,67.61000061035156,67.9800033569336,67.9800033569336,4058400,,,
2019-12-09,67.77999877929688,68.05999755859375,66.72000122070312,67.05999755859375,67.05999755859375,4335100,,,
2019-12-10,67.30000305175781,67.43000030517578,65.41999816894531,65.83999633789062,65.83999633789062,6047200,,,
2019-12-11,65.9000015258789,66.06999969482422,64.875,65.75,65.75,6518000,,,
2019-12-12,65.6500015258789,66.19999694824219,65.08999633789062,65.86000061035156,65.86000061035156,4827300,,,
2019-12-13,66.0199966430664,66.33999633789062,64.48500061035156,64.80000305175781,64.80000305175781,7047500,,,
2019-12-16,65.0,67.30000305175781,65.0,66.52999877929688,66.52999877929688,6325600,,,
2019-12-17,66.52999877929688,66.55000305175781,65.12000274658203,65.55000305175781,65.55000305175781,4937700,,,
2019-12-18,65.91000366210938,66.30000305175781,65.0999984741211,65.13999938964844,65.13999938964844,3992400,,,
2019-12-19,64.9000015258789,65.56999969482422,64.12000274658203,64.55000305175781,64.55000305175781,6120700,,,
2019-12-20,64.56999969482422,65.12999725341797,63.540000915527344,63.630001068115234,63.630001068115234,6258500,,,
2019-12-23,63.52000045776367,64.22000122070312,62.67499923706055,62.79999923706055,62.79999923706055,5402500,,,
2019-12-24,62.79999923706055,64.0199966430664,62.369998931884766,63.959999084472656,63.959999084472656,3538700,,,
2019-12-26,64.08000183105469,64.91500091552734,63.72999954223633,64.02999877929688,64.02999877929688,4246100,,,
2019-12-27,64.33000183105469,64.4000015258789,63.060001373291016,63.79999923706055,63.79999923706055,4308500,,,
2019-12-30,63.5,63.7599983215332,61.54999923706055,61.79999923706055,61.79999923706055,6501900,,,
2019-12-31,61.150001525878906,62.70000076293945,61.0,62.560001373291016,62.560001373291016,5339600,,,
2020-01-02,62.9900016784668,64.05000305175781,62.95000076293945,63.83000183105469,63.83000183105469,5264700,,,
2020-01-03,62.59000015258789,63.27000045776367,62.33000183105469,63.0,63.0,5087100,,,
2020-01-06,61.36000061035156,62.58000183105469,61.130001068115234,62.56999969482422,62.56999969482422,5905200,65.76636377970378,,
2020-01-07,64.56999969482422,65.48999786376953,63.65999984741211,64.58999633789062,64.58999633789062,10368200,65.73151524861653,,
2020-01-08,64.55999755859375,68.0,64.1500015258789,67.5999984741211,67.5999984741211,11899200,65.76878784642075,,
2020-01-09,68.22000122070312,68.30999755859375,66.69999694824219,67.93000030517578,67.93000030517578,8739100,65.79181821418531,,
2020-01-10,68.45999908447266,69.51000213623047,67.88999938964844,67.98999786376953,67.98999786376953,6704900,65.80909093221028,,
2020-01-13,68.23999786376953,69.05000305175781,67.81999969482422,68.66000366210938,68.66000366210938,9763800,65.83666680075906,,
2020-01-14,68.98999786376953,69.27999877929688,68.0999984741211,68.16999816894531,68.16999816894531,6076400,65.83424250284831,,
2020-01-15,68.54000091552734,71.0,68.5,70.36000061035156,70.36000061035156,9214600,65.87727275039211,,
2020-01-16,70.94999694824219,71.0,69.19000244140625,69.5199966430664,69.5199966430664,6066600,65.8733332084887,,
2020-01-17,69.83999633789062,70.30000305175781,69.19000244140625,69.37999725341797,69.37999725341797,4960200,65.88121182990797,,
2020-01-21,69.19999694824219,69.62000274658203,68.30999755859375,68.30999755859375,68.30999755859375,4912900,65.92454517248905,,
2020-01-22,68.91999816894531,70.0469970703125,68.69000244140625,68.69000244140625,68.69000244140625,4916500,65.97454521872781,,
2020-01-23,68.86000061035156,69.44000244140625,67.55000305175781,69.29000091552734,69.29000091552734,4552700,66.02030285921964,,
2020-01-24,70.62999725341797,71.91999816894531,70.0199966430664,71.13999938964844,71.13999938964844,10976700,66.14151498043177,,
2020-01-27,68.38999938964844,72.44999694824219,68.33999633789062,71.05000305175781,71.05000305175781,11085100,66.23454527421431,,
2020-01-28,71.47000122070312,74.9800033569336,71.02999877929688,74.80000305175781,74.80000305175781,15597200,66.46909089521928,,
2020-01-29,74.5,77.06999969482422,74.23999786376953,76.16000366210938,76.16000366210938,11946800,66.78181838989258,,
2020-01-30,75.41999816894531,76.38999938964844,74.05999755859375,76.0999984741211,76.0999984741211,8730000,67.09545470729019,,
2020-01-31,75.80000305175781,76.37999725341797,74.33000183105469,74.69000244140625,74.69000244140625,7514200,67.36303052035245,,
2020-02-03,74.88999938964844,79.80500030517578,74.5999984741211,79.80000305175781,79.80000305175781,15181900,67.8175759748979,,
2020-02-04,79.9000015258789,81.68000030517578,79.25,80.9000015258789,80.9000015258789,10405800,68.2530306035822,,
2020-02-05,81.9800033569336,82.0999984741211,77.83999633789062,78.25,78.25,10671600,68.63787899595319,,
2020-02-06,78.66000366210938,79.19999694824219,77.8219985961914,78.51000213623047,78.51000213623047,6172300,69.04303059433445,,
2020-02-07,77.80000305175781,80.0,77.33999633789062,78.86000061035156,78.86000061035156,4650600,69.47666688398881,,
2020-02-10,79.5999984741211,80.62000274658203,78.9000015258789,80.16999816894531,80.16999816894531,4150200,69.9778789173473,,
2020-02-11,80.55999755859375,81.44999694824219,79.61000061035156,79.87999725341797,79.87999725341797,3972800,70.49545461481267,,
2020-02-12,80.01000213623047,80.90599822998047,79.61000061035156,80.0,80.0,3574900,70.98151524861653,,
2020-02-13,79.30000305175781,82.54000091552734,79.08000183105469,80.98999786376953,80.98999786376953,6872100,71.49545461481267,,
2020-02-14,81.38999938964844,82.58999633789062,81.01000213623047,81.86000061035156,81.86000061035156,5073200,72.04272738370028,,
2020-02-18,81.68000030517578,82.9800033569336,81.35099792480469,82.41999816894531,82.41999816894531,4723800,72.66757583618164,,
2020-02-19,83.01000213623047,86.4800033569336,82.93000030517578,85.23999786376953,85.23999786376953,9115000,73.35484845710523,,
2020-02-20,85.2300033569336,87.25,80.30000305175781,85.69999694824219,85.69999694824219,12070000,74.01757558186848,,
2020-02-21,85.62999725341797,86.20999908447266,82.7249984741211,83.48999786376953,83.48999786376953,7739700,74.63848460804333,,
2020-02-24,76.56999969482422,80.84500122070312,76.06999969482422,80.20999908447266,80.20999908447266,11071500,75.17303004409328,,
2020-02-25,80.73999786376953,81.4000015258789,75.79000091552734,77.05000305175781,77.05000305175781,9425300,75.55060600511956,,
2020-02-26,77.68000030517578,79.0780029296875,76.0,76.58999633789062,76.58999633789062,11164000,75.82303018280955,,
2020-02-27,81.38999938964844,85.93499755859375,79.05000305175781,79.30999755859375,79.30999755859375,35935000,76.16787858442827,,
2020-02-28,76.44000244140625,84.1500015258789,76.41999816894531,83.33000183105469,83.33000183105469,23461400,76.63272718949752,,
2020-03-02,82.80000305175781,84.41999816894531,79.56999969482422,80.66999816894531,80.66999816894531,17800000,76.99666641697739,,
2020-03-03,80.48999786376953,80.5999984741211,75.80999755859375,78.83999633789062,78.83999633789062,18049700,77.31999969482422,,
2020-03-04,78.3499984741211,79.48999786376953,75.81999969482422,79.26000213623047,79.26000213623047,13374600,77.58969671075994,,
2020-03-05,77.77999877929688,79.0199966430664,75.66000366210938,76.31999969482422,76.31999969482422,11269400,77.79575740929806,,
2020-03-06,75.02999877929688,75.94000244140625,70.2699966430664,73.08999633789062,73.08999633789062,16409400,77.90818162397905,,
2020-03-09,67.20999908447266,67.41000366210938,63.33000183105469,65.7300033569336,65.7300033569336,16418400,77.8299999815045,,
2020-03-10,68.31999969482422,68.55999755859375,63.369998931884766,67.23999786376953,67.23999786376953,11806900,77.78606044884884,,
2020-03-11,66.3499984741211,66.3499984741211,60.81999969482422,62.43999862670898,62.43999862670898,13618700,77.57848462191495,,
2020-03-12,55.0,58.04499816894531,52.970001220703125,53.56999969482422,53.56999969482422,19529200,77.04606038873845,,
2020-03-13,56.7400016784668,57.790000915527344,52.310001373291016,57.77000045776367,57.77000045776367,14666100,76.64363606770833,,
2020-03-16,49.25,49.25,40.0,41.27000045776367,41.27000045776367,27721300,75.62757538304184,,
2020-03-17,43.790000915527344,45.29199981689453,39.0,44.72999954223633,44.72999954223633,22695600,74.67515101577297,,
2020-03-18,41.02999877929688,42.08100128173828,32.33000183105469,39.5,39.5,27154600,73.56606015292081,,
2020-03-19,40.18000030517578,47.41999816894531,37.0,40.0,40.0,24555600,72.51484795772669,,
2020-03-20,41.84999847412109,43.84000015258789,37.79999923706055,38.09000015258789,38.09000015258789,26896800,71.25090847593366,,
2020-03-23,38.470001220703125,40.54999923706055,36.11000061035156,40.0099983215332,40.0099983215332,21783400,70.01181746974136,,
2020-03-24,43.5,48.880001068115234,42.560001373291016,46.310001373291016,46.310001373291016,26174700,69.04393872347745,,
2020-03-25,50.290000915527344,58.09999847412109,49.52999877929688,52.38999938964844,52.38999938964844,34929300,68.25242348873255,,
2020-03-26,53.790000915527344,59.25,53.77999877929688,56.02999877929688,56.02999877929688,23610400,67.56060525142786,68.09595489501953,
2020-03-27,54.0,54.41699981689453,51.47999954223633,53.34000015258789,53.34000015258789,14655600,66.74757500850794,67.95662907803997,
2020-03-30,52.900001525878906,55.43999862670898,51.52999877929688,55.0,55.0,12054300,65.9936356977983,67.82887623819073,
2020-03-31,54.68999862670898,55.2400016784668,51.1349983215332,52.380001068115234,52.380001068115234,18349400,65.15666603319573,67.66269649548477,
2020-04-01,49.77999877929688,50.0099983215332,46.04999923706055,46.810001373291016,46.810001373291016,16596400,64.12090856378728,67.43112349778079,
2020-04-02,46.33000183105469,48.02999877929688,45.0,45.880001068115234,45.880001068115234,12871500,63.03060554735588,67.18539317270343,
2020-04-03,46.02000045776367,46.68000030517578,42.33000183105469,43.720001220703125,43.720001220703125,18748600,61.85787836710612,66.9097752088911,
2020-04-06,47.220001220703125,51.09999847412109,46.18999862670898,50.41999816894531,50.41999816894531,25521700,60.80272686120236,66.70168527324547,
2020-04-07,54.77999877929688,54.90999984741211,49.70000076293945,50.310001373291016,50.310001373291016,17105000,59.7303027528705,66.4843819007445,
2020-04-08,51.810001373291016,57.75,51.810001373291016,57.040000915527344,57.040000915527344,24785100,58.92878769383286,66.34865154309219,
2020-04-09,58.880001068115234,64.94000244140625,58.5,59.209999084472656,59.209999084472656,30870900,58.292424057469226,66.26247178838494,
2020-04-13,60.09999847412109,60.09999847412109,56.119998931884766,59.41999816894531,59.41999816894531,15199500,57.75818148526278,66.17685377999638,
2020-04-14,60.02000045776367,62.61000061035156,59.6150016784668,62.40999984741211,62.40999984741211,17905500,57.32848462191495,66.11651671334599,
2020-04-15,59.66999816894531,61.7599983215332,59.33000183105469,61.380001068115234,61.380001068115234,12468800,56.78515139493075,66.05179763108157,
2020-04-16,58.09999847412109,59.29999923706055,56.630001068115234,57.31999969482422,57.31999969482422,19879200,55.99696951201468,65.9320223090354,
2020-04-17,59.5,61.43999862670898,58.70000076293945,61.09000015258789,61.09000015258789,14044800,55.40363623879173,65.864943686496,
2020-04-20,59.43999862670898,63.59000015258789,59.150001525878906,61.060001373291016,61.060001373291016,14342400,54.864848512591735,65.811235877905,
2020-04-21,60.0,60.43999862670898,56.86000061035156,57.400001525878906,57.400001525878906,15333900,54.20242425167199,65.71741567033061,
2020-04-22,59.34999847412109,61.25,58.0099983215332,60.959999084472656,60.959999084472656,13444900,53.736969687721945,65.66235947341062,
2020-04-23,61.310001373291016,63.5,60.92100143432617,61.81999969482422,61.81999969482422,13098800,53.395454637932055,65.62887628962484,
2020-04-24,62.22999954223633,62.560001373291016,61.040000915527344,62.0099983215332,62.0099983215332,9625000,53.28272721261689,65.5780897676275,
2020-04-27,63.61000061035156,64.23999786376953,61.810001373291016,63.54999923706055,63.54999923706055,10241700,53.170909072413586,65.55561781465337,
2020-04-28,64.16999816894531,65.0250015258789,60.900001525878906,61.75,61.75,11852100,53.150000023119375,65.51752793387081,
2020-04-29,63.43999862670898,66.72000122070312,63.38999938964844,65.7699966430664,65.7699966430664,14387300,53.519696900338836,65.53123572703159,
2020-04-30,65.0,66.88999938964844,64.72000122070312,65.13999938964844,65.13999938964844,10525900,53.74303020130504,65.54820200030723,
2020-05-01,62.84000015258789,63.90999984741211,61.43999862670898,63.0,63.0,10042400,54.401515035918266,65.55044919989082,
2020-05-04,61.34000015258789,64.16999816894531,61.09000015258789,63.68999862670898,63.68999862670898,7556900,54.97606046272047,65.54741548688224,
2020-05-05,66.0,68.58999633789062,65.20999908447266,66.69000244140625,66.69000244140625,12011500,55.79999993064187,65.57730316847898,
2020-05-06,67.31999969482422,69.80999755859375,67.12000274658203,68.0999984741211,68.0999984741211,16202900,56.651515035918266,65.62561776664819,
2020-05-07,69.86000061035156,76.80000305175781,69.58000183105469,74.62000274658203,74.62000274658203,31027000,57.758484811493844,65.76966274990124,
2020-05-08,72.04000091552734,76.4000015258789,72.0,76.05000305175781,76.05000305175781,20030600,58.850606166955195,65.92123580246829,
2020-05-11,75.69999694824219,75.90299987792969,74.36000061035156,74.9000015258789,74.9000015258789,12720600,59.71696980794271,66.04561782151126,
2020-05-12,76.0,77.38999938964844,74.30999755859375,75.20999908447266,75.20999908447266,17015500,60.40848495021011,66.18280882246039,
2020-05-13,75.31999969482422,75.80000305175781,70.81999969482422,73.79000091552734,73.79000091552734,13970100,60.94666683312619,66.3088762519065,
2020-05-14,72.16999816894531,78.25,71.06999969482422,78.19999694824219,78.19999694824219,16038900,61.70000006935813,66.46179760707898,
2020-05-15,77.75,81.12999725341797,76.6500015258789,80.26000213623047,80.26000213623047,16312000,62.46545467954694,66.60404483923752,
2020-05-18,78.69999694824219,81.3499984741211,76.44000244140625,76.62999725341797,76.62999725341797,16215500,63.20030304879853,66.70179761393686,
2020-05-19,76.44999694824219,82.13999938964844,76.25,79.25,79.25,14225500,64.18333331021395,66.82831449187204,
2020-05-20,81.5,83.0999984741211,80.5199966430664,82.04000091552734,82.04000091552734,10152200,65.27909088134766,66.97865153966325,
2020-05-21,79.5,81.69999694824219,78.76000213623047,81.48999786376953,81.48999786376953,10082100,66.42363623416784,67.12831445758262,
2020-05-22,81.2300033569336,82.48999786376953,80.83000183105469,81.48999786376953,81.48999786376953,6262000,67.36515137643525,67.25337060649743,
2020-05-26,83.9800033569336,84.08999633789062,80.5,80.79000091552734,80.79000091552734,9682800,68.28878772619998,67.37999986798576,
2020-05-27,80.04000091552734,81.13999938964844,76.0199966430664,81.0199966430664,81.0199966430664,11637100,69.01545426339814,67.5107863779818,
2020-05-28,81.0199966430664,82.31999969482422,79.0,79.62000274658203,79.62000274658203,9939400,69.633939222856,67.6378650879592,
2020-05-29,79.7300033569336,81.94999694824219,79.33999633789062,81.08000183105469,81.08000183105469,8325500,70.29030297019266,67.77707856424739,
2020-06-01,81.0,83.41999816894531,80.12000274658203,82.72000122070312,82.72000122070312,8709700,70.90575755726208,67.92797744408082,
2020-06-02,82.95999908447266,88.2699966430664,82.37999725341797,88.0,88.0,18364200,71.71242419156161,68.1174156531859,
2020-06-03,88.0,92.5500030517578,87.08999633789062,91.97000122070312,91.97000122070312,17089200,72.76242423780036,68.35247181238753,
2020-06-04,90.95999908447266,92.95999908447266,86.19000244140625,87.72000122070312,87.72000122070312,13368100,73.56939396713719,68.49764033113972,
2020-06-05,90.0,91.4499969482422,88.06700134277344,89.93000030517578,89.93000030517578,11127700,74.44424241961855,68.65235939454496,
2020-06-08,90.5,91.2300033569336,88.02999877929688,89.62000274658203,89.62000274658203,8751100,75.42060609297319,68.8042695549097,
2020-06-09,89.0199966430664,91.65399932861328,87.87000274658203,89.52999877929688,89.52999877929688,7749000,76.28636365948302,68.97101108679611,
2020-06-10,90.26000213623048,92.97000122070312,89.5,91.91000366210938,91.91000366210938,9486700,77.19818196152195,69.10707850938432,
2020-06-11,87.75,90.0,85.7699966430664,86.08999633789062,86.08999633789062,14754700,77.92787887110855,69.1653930578339,
2020-06-12,89.0199966430664,89.18000030517578,84.25,86.72000122070312,86.72000122070312,9937300,78.63000014334014,69.2605616108755,
2020-06-15,84.79000091552734,91.3000030517578,84.05999755859375,91.0,91.0,9813000,79.51636377970378,69.40089866552461,
2020-06-16,93.06999969482422,95.86799621582033,92.55999755859376,94.73999786376952,94.73999786376952,13026400,80.39424260457356,69.57932560095627,
2020-06-17,94.77999877929688,100.0,94.6999969482422,97.02999877929688,97.02999877929688,17113700,81.3606062224417,69.76876381006133,
2020-06-18,97.0,98.6500015258789,95.81999969482422,98.2699966430664,98.2699966430664,8766900,82.42939399950433,69.9753930166866,
2020-06-19,100.0999984741211,102.26000213623048,97.91999816894533,97.9800033569336,97.9800033569336,13879800,83.46848505193537,70.17741552631507,
2020-06-22,99.73999786376952,105.45999908447266,99.25,104.22000122070312,104.22000122070312,17117000,84.6057577422171,70.43842679998848,
2020-06-23,105.0,106.36000061035156,103.0500030517578,104.75,104.75,14042800,85.7163638490619,70.69561780436655,
2020-06-24,104.0,105.7490005493164,98.93000030517578,100.87999725341795,100.87999725341795,13250400,86.51212125835997,70.9030335244168,
2020-06-25,102.45999908447266,106.1500015258789,101.28600311279295,104.77999877929688,104.77999877929688,13569800,87.38272718949752,71.12258409650138,
2020-06-26,105.02999877929688,107.83999633789062,102.51799774169922,104.3000030517578,104.3000030517578,19759100,88.27363632664536,71.33157292912516,
2020-06-29,105.1500015258789,105.27999877929688,101.22000122070312,103.68000030517578,103.68000030517578,9210800,89.13636363636364,71.55842688914096,
2020-06-30,103.5,105.3000030517578,102.88800048828124,104.94000244140624,104.94000244140624,7605100,90.08030307654178,71.83629209539863,
2020-07-01,106.91999816894533,117.12999725341795,106.54000091552734,115.9000015258789,115.9000015258789,22480900,91.2227274576823,72.2728089321865,
2020-07-02,118.0,118.77999877929688,113.2300033569336,113.38999938964844,113.38999938964844,15066300,92.22666676839192,72.68629211254334,
2020-07-06,118.79000091552734,128.36000061035156,118.02999877929688,118.97000122070312,118.97000122070312,34424000,93.509697191643,73.13191013121873,
2020-07-07,121.1999969482422,129.83999633789062,120.02999877929688,125.5999984741211,125.5999984741211,28573900,94.91424259994969,73.60685391372509,
2020-07-08,127.1999969482422,133.42999267578125,127.0,133.35000610351562,133.35000610351562,25627400,96.46909124200994,74.19876411523711,
2020-07-09,132.5399932861328,133.80999755859375,127.66999816894533,129.38999938964844,129.38999938964844,21959300,97.92060643976384,74.76674167761642,
2020-07-10,128.38999938964844,129.60000610351562,125.25499725341795,128.0500030517578,128.0500030517578,11260800,99.3315156878847,75.31494393509425,
2020-07-13,131.0500030517578,133.24000549316406,116.66999816894533,118.6500015258789,118.6500015258789,18489500,100.47878843365294,75.79056193319599,
2020-07-14,118.58999633789062,121.85399627685548,111.13999938964844,121.23999786376952,121.23999786376952,17175100,101.69757634943181,76.33157318629576,
2020-07-15,124.01000213623048,124.4800033569336,117.66000366210938,122.1999969482422,122.1999969482422,9606900,102.98787920402758,76.96606749631046,
2020-07-16,119.94000244140624,123.3000030517578,117.5500030517578,119.9499969482422,119.9499969482422,11827600,104.16575784394236,77.55831467703487,
2020-07-17,120.9800033569336,122.37999725341795,118.58999633789062,120.7300033569336,120.7300033569336,6961700,105.3175760904948,78.21325855040818,
2020-07-20,121.26000213623048,129.4600067138672,120.52999877929688,128.38999938964844,128.38999938964844,12424000,106.54151546593869,79.05393270428262,
2020-07-21,129.9499969482422,130.8000030517578,125.06999969482422,126.98999786376952,126.98999786376952,10777800,107.60272748542555,79.83168548412537,
2020-07-22,127.48999786376952,131.7100067138672,127.05999755859376,129.17999267578125,129.17999267578125,8437500,108.85909086285216,80.81943820567614,
2020-07-23,127.73999786376952,129.8489990234375,121.31999969482422,122.93000030517578,122.93000030517578,11010200,109.85909086285216,81.69808989964174,
2020-07-24,119.88999938964844,122.91000366210938,117.0,121.41000366210938,121.41000366210938,8060000,110.82242422392873,82.61842701944073,
2020-07-27,124.62000274658205,126.7699966430664,122.33999633789062,125.75,125.75,9685700,111.9200000184955,83.58191016550815,
2020-07-28,125.1999969482422,127.52999877929688,123.31999969482422,123.51000213623048,123.51000213623048,7126100,112.8775757298325,84.54168546869514,
2020-07-29,125.13999938964844,128.9499969482422,124.9000015258789,128.5500030517578,128.5500030517578,8693400,114.16424259994969,85.53651698251788,
2020-07-30,128.5399932861328,131.3699951171875,125.33000183105467,129.1300048828125,129.1300048828125,10192300,115.44939422607422,86.46707881970352,
2020-07-31,131.33999633789062,131.89999389648438,127.36000061035156,129.85000610351562,129.85000610351562,8599700,116.62666713830197,87.33741597379192,
2020-08-03,130.25999450683594,136.13499450683594,130.25999450683594,134.8000030517578,134.8000030517578,11472600,117.84060668945312,88.22247220157237,
2020-08-04,135.8800048828125,137.8000030517578,133.60000610351562,136.8300018310547,136.8300018310547,10870300,119.04666738799123,89.160562108072,
2020-08-05,153.16000366210938,158.42999267578125,146.1999969482422,146.5500030517578,146.5500030517578,39507000,120.50969788522431,90.18921382775467,
2020-08-06,149.75999450683594,155.88999938964844,149.1199951171875,154.0,154.0,19352800,122.20727354107481,91.33101156856237,
2020-08-07,151.50999450683594,153.83999633789062,143.35000610351562,147.22000122070312,147.22000122070312,15577300,123.51030384410511,92.4592138140389,
2020-08-10,147.52999877929688,147.82000732421875,138.66000366210938,139.33999633789062,139.33999633789062,13066300,124.55848555131392,93.50932612044087,
2020-08-11,137.94000244140625,142.947998046875,135.02999877929688,138.25,138.25,13157100,125.69090987696792,94.5714609381858,
2020-08-12,140.00999450683594,143.4199981689453,137.69000244140625,139.02000427246094,139.02000427246094,10596900,126.7284858010032,95.56696662474215,
2020-08-13,140.89999389648438,145.50999450683594,140.1999969482422,143.19000244140625,143.19000244140625,9835000,127.90697063099255,96.61056214236142,
2020-08-14,143.88999938964844,144.0,139.72999572753906,141.9600067138672,141.9600067138672,6654700,129.0669708251953,97.56471951088209,
2020-08-17,144.49000549316406,153.67999267578125,143.17999267578125,152.47999572753906,152.47999572753906,13280500,130.50757668235084,98.61269700125362,
2020-08-18,151.97000122070312,153.19000244140625,147.41200256347656,151.0399932861328,151.0399932861328,8523400,131.57242491751006,99.64213514863775,
2020-08-19,151.22000122070312,152.35499572753906,148.55999755859375,150.3699951171875,150.3699951171875,6539900,132.6930308486476,100.63044970223073,
2020-08-20,150.1699981689453,158.10000610351562,149.82000732421875,155.86000061035156,155.86000061035156,12428100,133.8109096180309,101.69202273079519,
2020-08-21,156.39999389648438,159.47000122070312,153.1199951171875,155.10000610351562,155.10000610351562,8630500,134.70484924316406,102.79067448819622,
2020-08-24,159.0,159.0,150.97999572753906,151.7899932861328,151.7899932861328,8807700,135.2636367335464,103.80977553464054,
2020-08-25,151.8000030517578,155.74000549316406,149.0,155.0,155.0,6429400,136.0396973581025,104.86528113718784,
2020-08-26,156.08999633789062,158.69000244140625,151.72999572753906,153.74000549316406,153.74000549316406,7689900,136.81818228056937,105.94775309187642,
2020-08-27,156.8699951171875,161.5399932861328,155.5,155.61000061035156,155.61000061035156,11617200,137.93818225282612,107.01123625508855,
2020-08-28,159.14999389648438,159.14999389648438,154.05999755859375,155.92999267578125,155.92999267578125,6292000,138.98939421682647,108.06865190655998,
2020-08-31,157.0,160.77499389648438,156.02000427246094,159.55999755859375,159.55999755859375,7630200,140.1215154474432,109.16471931371797,
2020-09-01,164.80999755859375,170.4600067138672,162.0,166.66000366210938,166.66000366210938,12306400,141.53697019634825,110.32325868928031,
2020-09-02,170.60000610351562,170.61000061035156,158.11000061035156,162.8800048828125,162.8800048828125,11214800,142.81424296985972,111.45955087897482,
2020-09-03,157.0,157.22999572753906,149.50999450683594,152.86000061035156,152.86000061035156,16421200,143.55575815836588,112.43809024939377,
2020-09-04,149.6300048828125,152.22000122070312,134.0,146.38999938964844,146.38999938964844,17995200,144.14363699248344,113.35101159770836,
2020-09-08,137.00999450683594,146.13999938964844,136.88999938964844,139.11000061035156,139.11000061035156,10681400,144.44454632383403,114.2061801438921,
2020-09-09,145.64999389648438,145.64999389648438,139.25,144.2100067138672,144.2100067138672,9463600,145.0893950028853,115.11089933588264,
2020-09-10,147.02000427246094,148.5449981689453,139.82000732421875,141.07000732421875,141.07000732421875,6711500,145.68515268961588,115.94662972782434,
2020-09-11,143.91000366210938,143.91000366210938,134.25999450683594,137.4499969482422,137.4499969482422,8428400,146.03969805168384,116.72584319382571,
2020-09-14,140.07000732421875,145.39999389648438,138.80999755859375,144.39999389648438,144.39999389648438,7754800,146.67272810502485,117.50988803820664,
2020-09-15,146.1300048828125,158.5,146.1300048828125,154.5,154.5,18550000,147.459091648911,118.39134867807452,
2020-09-16,155.1999969482422,159.0,149.8800048828125,151.0500030517578,151.0500030517578,10200500,148.1233340176669,119.24696667274732,
2020-09-17,146.27000427246094,147.69000244140625,142.24000549316406,145.63999938964844,145.63999938964844,11972200,148.60181866270122,120.03831499078301,
2020-09-18,147.3699951171875,149.1300048828125,141.63999938964844,145.00999450683594,145.00999450683594,8886600,148.91121234315816,120.83853963787637,
2020-09-21,140.4199981689453,151.97999572753906,139.30999755859375,151.1199951171875,151.1199951171875,12662700,149.34424244273794,121.65786545999934,
2020-09-22,152.82000732421875,156.33999633789062,148.58999633789062,155.58999633789062,155.58999633789062,11189700,149.6181816332268,122.50426988923148,
2020-09-23,155.8699951171875,157.97999572753906,147.8000030517578,149.58999633789062,149.58999633789062,8867000,149.48454515861744,123.32404515984354,
2020-09-24,151.00999450683594,155.92300415039062,148.0,152.30999755859375,152.30999755859375,13213900,149.63878747188684,124.1449440088165,
2020-09-25,153.05999755859375,158.97999572753906,151.75100708007812,157.72000122070312,157.72000122070312,8782800,150.19575731682056,124.99528109089712,
2020-09-28,160.49000549316406,164.5,158.22999572753906,160.75999450683594,160.75999450683594,10287100,150.87787836248225,125.88595521048214,
2020-09-29,164.0,167.55999755859375,163.1300048828125,164.80999755859375,164.80999755859375,12079900,151.65939331054688,126.82213498233409,
2020-09-30,164.47000122070312,166.19000244140625,161.22999572753906,162.5500030517578,162.5500030517578,6561200,152.24605999570903,127.74078669172994,
2020-10-01,166.13999938964844,168.61000061035156,164.5800018310547,168.49000549316406,168.49000549316406,6723500,153.04999935265744,128.72359577993328,
2020-10-02,164.0500030517578,171.24000549316406,163.80099487304688,169.61000061035156,169.61000061035156,11160200,153.56909040971235,129.73471935143633,
2020-10-05,172.42999267578125,181.88999938964844,171.5,180.9199981689453,180.9199981689453,16666700,154.4745451031309,130.856517063098,
2020-10-06,180.1300048828125,182.2400054931641,172.61000061035156,175.33999633789062,175.33999633789062,12544000,155.2312118067886,131.89719116553832,
2020-10-07,180.6100006103516,182.75,179.02000427246094,180.17999267578125,180.17999267578125,7119300,155.96818126331675,132.93292142032237,
2020-10-08,183.17999267578125,185.3699951171875,181.72000122070312,183.5,183.5,7133400,156.8287871389678,133.96134837289875,
2020-10-09,185.1199951171875,188.7400054931641,183.72999572753903,187.27999877929688,187.27999877929688,6719700,157.90424185088187,135.08000003086048,
2020-10-12,190.67999267578125,191.94000244140625,184.25999450683597,185.1699981689453,185.1699981689453,7964700,158.81848421963778,136.15011236640845,
2020-10-13,186.80999755859372,191.3600006103516,186.0,190.47000122070312,190.47000122070312,6399900,159.93151439319956,137.28325841667947,
2020-10-14,191.58999633789065,193.44000244140625,185.1100006103516,187.4900054931641,187.4900054931641,6165800,160.8975751472242,138.38393264941953,
2020-10-15,182.6000061035156,188.67999267578125,181.1999969482422,188.6000061035156,188.6000061035156,6810100,161.88757555412525,139.4703371712331,
2020-10-16,191.67999267578125,192.83999633789065,184.6999969482422,186.3500061035156,186.3500061035156,5292800,162.69939399488044,140.5968541348918,
2020-10-19,188.1100006103516,191.3999938964844,185.91000366210935,186.9600067138672,186.9600067138672,5454000,163.31454560250947,141.7231463314442,
2020-10-20,188.1000061035156,189.6999969482422,184.3300018310547,185.7400054931641,185.7400054931641,4876000,164.00727289373225,142.78764077518764,97.15433485825174
2020-10-21,183.5500030517578,184.7400054931641,175.58999633789062,177.82000732421875,177.82000732421875,10477200,164.7636367335464,143.72112402755224,97.63536494177299
2020-10-22,178.5,181.97999572753903,173.61000061035156,175.92999267578125,175.92999267578125,6681600,165.6587880452474,144.607640812906,98.10557949082535
2020-10-23,177.5,177.7899932861328,173.33999633789062,176.77000427246094,176.77000427246094,4167600,166.80000027743253,145.48966337053963,98.57596578311511
2020-10-26,175.00999450683594,176.86000061035156,166.77000427246094,169.88999938964844,169.88999938964844,6489400,167.5781818736683,146.29764085405327,99.0157511960795
2020-10-27,175.30999755859375,176.25999450683594,169.25999450683594,171.02000427246094,171.02000427246094,6937600,168.48575753876656,147.0482026860955,99.45897009853641
2020-10-28,166.58999633789062,168.94000244140625,164.4499969482422,167.1300048828125,167.1300048828125,5420300,169.38515171860203,147.74910161736307,99.88334780189612
2020-10-29,170.0800018310547,172.0800018310547,168.11000061035156,169.86000061035156,169.86000061035156,4431800,170.15666707356772,148.5241578348567,100.31648084124782
2020-10-30,166.49000549316406,167.39700317382812,152.42999267578125,154.8800048828125,154.8800048828125,14936400,170.16818237304688,149.08707925175014,100.68227484707157
2020-11-02,158.0,161.24000549316406,152.10000610351562,155.22999572753906,155.22999572753906,8753600,170.29484881776753,149.65932636046676,101.05184563239757
2020-11-03,153.22000122070312,161.0500030517578,151.10000610351562,158.2100067138672,158.2100067138672,8001400,170.67575813062263,150.27202306168803,101.44381992192739
2020-11-04,166.3800048828125,171.36000061035156,162.14999389648438,171.2899932861328,171.2899932861328,7760600,171.47212172999525,151.0175285767973,101.89124478188707
2020-11-05,177.10000610351562,177.2899932861328,172.64999389648438,175.22999572753906,175.22999572753906,15519700,172.2027278090968,151.68415772513058,102.35240356707266
2020-11-06,185.2400054931641,201.3300018310547,182.9900054931641,198.0800018310547,198.0800018310547,27088300,173.4903037331321,152.63573078626996,102.91437782647783
2020-11-09,191.30499267578125,197.0,181.8300018310547,184.0800018310547,184.0800018310547,14986000,174.53545541474313,153.36730382683572,103.41266108173157
2020-11-10,182.3699951171875,183.4600067138672,167.11000061035156,172.0,172.0,14840000,175.1321221553918,153.88865215858718,103.86304735830413
2020-11-11,179.64999389648438,184.0,177.6999969482422,183.4199981689453,183.4199981689453,9040800,175.9109099417022,154.45123633909762,104.36768255929579
2020-11-12,184.25999450683597,185.19000244140625,177.0,178.50999450683594,178.50999450683594,9138900,176.44878872958097,155.0031463965941,104.85163103357405
2020-11-13,180.6000061035156,180.8999938964844,175.5,177.19000244140625,177.19000244140625,6955400,176.8239403926965,155.55528122119688,105.32944220023094
2020-11-16,175.8300018310547,179.22000122070312,173.00999450683594,179.16000366210938,179.16000366210938,7428200,177.32727374452534,156.23516888564893,105.82025765349425
2020-11-17,180.1199951171875,190.7400054931641,180.1199951171875,187.8999938964844,187.8999938964844,11140700,177.91545521129262,156.98415760511762,106.34115892009162
2020-11-18,187.4900054931641,187.5,182.2700042724609,185.5399932861328,185.5399932861328,5627300,178.39818226207387,157.69584295722876,106.8561374189516
2020-11-19,190.77999877929688,194.00999450683597,185.7400054931641,191.66000366210935,191.66000366210935,12280100,178.72363697398794,158.5015733697441,107.39914172913383
2020-11-20,193.69000244140625,200.9900054931641,191.5500030517578,195.97000122070312,195.97000122070312,10935100,179.34878863710347,159.3469666041685,107.96317605603917
2020-11-23,200.1100006103516,209.3600006103516,199.2700042724609,207.77999877929688,207.77999877929688,12509600,180.18515245842212,160.23898906922074,108.58184557411292
2020-11-24,208.0,208.0399932861328,199.5500030517578,202.8999938964844,202.8999938964844,12288900,180.77303106134588,161.0919103729591,109.18313310484007
2020-11-25,207.4499969482422,214.5200042724609,204.57000732421875,212.9199981689453,212.9199981689453,12948100,181.55000073982006,162.03280931108452,109.8224464056318
2020-11-27,215.0,215.0,205.8999938964844,212.5200042724609,212.5200042724609,6526000,182.37878880356297,163.03943856914393,110.45974256654665
2020-11-30,213.0,213.5399932861328,200.22999572753903,210.9600067138672,210.9600067138672,14091100,182.9996980609316,164.04561837871424,111.09133058146857
2020-12-01,212.55999755859372,212.9499969482422,200.5,203.0,203.0,10795900,183.46969789447206,164.91359590680412,111.69733916843398
2020-12-02,200.1300048828125,204.05999755859372,195.1300048828125,202.0,202.0,10483700,183.87575831557766,165.79550599516108,112.29579409816235
2020-12-03,207.0,208.69000244140625,204.0500030517578,205.52999877929688,205.52999877929688,6918200,184.45697021484375,166.6604497673806,112.90394859150244
2020-12-04,206.2899932861328,209.75,203.5800018310547,208.1499938964844,208.1499938964844,6566200,185.09909103855944,167.54831481247805,113.52690993869766
2020-12-07,209.7899932861328,213.66200256347656,208.25,212.5800018310547,212.5800018310547,5895300,185.91242426091975,168.47786532627063,114.17072969035529
2020-12-08,213.3300018310547,213.8999938964844,208.25,213.00999450683597,213.00999450683597,5373200,186.97878750887784,169.35662927520409,114.8077253906512
2020-12-09,213.9600067138672,220.5,205.00999450683597,207.0399932861328,207.0399932861328,11133000,187.92151480010062,170.1455055836881,115.40618030400746
2020-12-10,205.38999938964844,217.6100006103516,203.57000732421875,217.25,217.25,7919200,189.14818133729878,170.9398875718706,116.04703867179641
2020-12-11,218.25999450683597,222.1999969482422,213.1699981689453,216.58999633789065,216.58999633789065,7914600,190.56333275997278,171.6431459576896,116.68480690559093
2020-12-14,218.00999450683597,220.42999267578125,214.50100708007807,215.8600006103516,215.8600006103516,7379000,191.92212052778765,172.4143819058879,117.31656654914562
2020-12-15,218.4149932861328,221.72000122070312,216.72999572753903,219.9900054931641,219.9900054931641,5713600,193.5239387281013,173.32056178403704,117.96815456341264
2020-12-16,223.8600006103516,227.9600067138672,220.02999877929688,227.0800018310547,227.0800018310547,8216500,195.25787815903172,174.31865169225114,118.64077259440279
2020-12-17,230.0,237.08999633789065,227.6999969482422,230.7400054931641,230.7400054931641,10440100,197.5566660563151,175.3492135037197,119.33270396285815
2020-12-18,235.0,236.3699951171875,231.1000061035156,235.4499969482422,235.4499969482422,8099500,199.9875751842152,176.38584265548192,120.04545074266426
2020-12-21,236.08999633789065,241.8500061035156,232.25999450683597,233.5,233.5,11155400,202.26909013227984,177.4143819058879,120.75442071022394
2020-12-22,236.5,243.3800048828125,236.0,241.5800018310547,241.5800018310547,9414200,204.39909039121684,178.41550556997234,121.49643787498638
2020-12-23,241.3600006103516,241.82000732421875,230.5800018310547,230.67999267578125,230.67999267578125,13482700,206.07939332904238,179.31033702378863,122.18909878382867
2020-12-24,234.22999572753903,236.0,225.8999938964844,228.27999877929688,228.27999877929688,8411200,206.99454475171638,180.1857303233629,122.86351938206751
2020-12-28,232.3800048828125,232.9499969482422,219.6499938964844,223.33999633789065,223.33999633789065,11640000,208.18424155495384,180.94393252254872,123.51712450346722
2020-12-29,223.8800048828125,224.58999633789065,208.80999755859372,214.0,214.0,15453100,209.4569688276811,181.60573020677887,124.11454938307341
2020-12-30,215.94000244140625,221.50999450683597,214.06700134277344,221.0399932861328,221.0399932861328,9837000,210.5969686797171,182.38382009441932,124.73635191364862
2020-12-31,217.7100067138672,219.4499969482422,214.4199981689453,217.63999938964844,217.63999938964844,6872400,211.7827264034387,183.08764031228054,125.34381972873672
2021-01-04,222.4949951171875,225.97999572753903,216.0,221.16000366210935,221.16000366210935,9838400,213.11515068285394,183.84516838159453,125.97244634341784
2021-01-05,219.4199981689453,230.33999633789065,219.0,229.75,229.75,9699400,214.64818087491122,184.6782020826018,126.61600856207983
2021-01-06,223.41000366210935,233.5,223.16099548339844,226.88999938964844,226.88999938964844,12003500,215.82969619288588,185.47550552882504,127.2425750765166
2021-01-07,232.5200042724609,240.3999938964844,231.5,239.47999572753903,239.47999572753903,10214200,217.46424172141334,186.3734830363413,127.9345493071069
2021-01-08,244.3500061035156,246.4900054931641,237.17999267578125,241.4499969482422,241.4499969482422,9102100,218.97302939675072,187.21382003955625,128.6338625895619
2021-01-11,231.6100006103516,232.7400054931641,225.3000030517578,225.5,225.5,14107500,219.8678778446082,187.91741549031119,129.26321881011833
2021-01-12,228.50999450683597,229.3300018310547,223.72000122070312,227.5200042724609,227.5200042724609,8437900,220.46605982924953,188.75629193595287,129.89562226979007
2021-01-13,228.9499969482422,234.8209991455078,226.8000030517578,230.9199981689453,230.9199981689453,7601400,221.31515086780894,189.70606720313597,130.543862617067
2021-01-14,233.8999938964844,238.75999450683597,229.58999633789065,232.7899932861328,232.7899932861328,6706500,221.91727193196616,190.7586513905043,131.1996136612135
2021-01-15,233.6300048828125,236.42999267578125,225.5800018310547,227.75,227.75,7049200,222.37878695401278,191.69730300046086,131.82948491501705
2021-01-19,231.07000732421875,231.58999633789065,223.25,227.25999450683597,227.25999450683597,6505600,222.87272597804213,192.66572982273746,132.45351922358566
2021-01-20,230.1199951171875,230.8800048828125,225.5,226.6499938964844,226.6499938964844,6012400,223.58939245975378,193.66797697945927,133.0725320807854
2021-01-21,227.0,227.5,218.1999969482422,219.6199951171875,219.6199951171875,10472400,224.12333170572916,194.5131455325009,133.64927026642238
2021-01-22,219.0,222.91000366210935,217.7100067138672,222.8800048828125,222.8800048828125,6867500,224.64908946644175,195.2814601941055,134.2380256652832
2021-01-25,225.0,225.94000244140625,209.75,216.63999938964844,216.63999938964844,11328100,224.906362360174,196.01842644509304,134.80948489929986
2021-01-26,217.08999633789065,219.0,208.7100067138672,209.1699981689453,209.1699981689453,10039500,224.80302891586766,196.73224665609638,135.36296129022034
2021-01-27,204.00999450683597,209.3500061035156,197.6999969482422,202.4600067138672,202.4600067138672,10892700,224.48333231608072,197.37775241123157,135.90120164928518
2021-01-28,208.72000122070312,222.5800018310547,206.55999755859372,219.91000366210935,219.91000366210935,12500800,224.87333263050425,198.15067385555653,136.51630897685695
2021-01-29,224.97000122070312,225.8999938964844,212.5800018310547,215.9600067138672,215.9600067138672,9383900,224.83424192486387,198.8289885788821,137.10278970284523
2021-02-01,215.80999755859372,223.00999450683597,213.44000244140625,221.94000244140625,221.94000244140625,7849300,224.9963633219401,199.64190999577553,137.69768240932743
2021-02-02,225.19000244140625,230.22000122070312,221.9900054931641,227.6300048828125,227.6300048828125,6545300,225.35303011807528,200.4882022129016,138.32841205187623
2021-02-03,228.5,234.57000732421875,221.8800048828125,227.94000244140625,227.94000244140625,5193400,225.59393911650687,201.27719099066232,138.9683262411617
2021-02-04,233.52999877929688,239.30999755859372,231.07000732421875,237.72000122070312,237.72000122070312,8893400,225.9163633404356,202.14191016722262,139.64841207414227
2021-02-05,238.0,240.57000732421875,235.2700042724609,240.3800048828125,240.3800048828125,5090800,226.2084845340613,202.9910113731127,140.35253226808211
2021-02-08,245.0800018310547,264.2669982910156,244.0,259.9700012207031,259.9700012207031,17114900,226.95151496656013,204.0856180941121,141.1545923748753
2021-02-09,256.5799865722656,262.57000732421875,250.5500030517578,258.1199951171875,258.1199951171875,10815100,227.69757542465672,205.0926966292135,141.98030049401802
2021-02-10,259.7699890136719,263.1499938964844,252.75,257.489990234375,257.489990234375,8644600,228.1796962853634,206.08011224296655,142.79682406642405
2021-02-11,262.0,269.6650085449219,258.5,265.92999267578125,265.92999267578125,10214100,229.24787810354522,207.03528072057145,143.67017168036858
2021-02-12,265.1499938964844,273.8399963378906,262.531005859375,272.75,272.75,6780800,230.59545389811197,208.12977514374123,144.6108583769573
2021-02-16,277.1199951171875,283.19000244140625,272.32000732421875,276.0199890136719,276.0199890136719,9193600,232.1918173125296,209.2066290351782,145.547553606811
2021-02-17,274.3699951171875,274.4700012207031,260.760009765625,270.94000244140625,270.94000244140625,11094300,233.91727193196616,210.1891009727221,146.53326176983092
2021-02-18,265.489990234375,272.7900085449219,261.8529968261719,270.8500061035156,270.8500061035156,7236400,235.42666625976562,211.1280898190616,147.5037339009952
2021-02-19,275.1199951171875,280.9389953613281,273.5899963378906,276.57000732421875,276.57000732421875,7373400,237.21242407596472,212.1550562140647,148.52120174358842
2021-02-22,271.8500061035156,278.1000061035156,266.3599853515625,268.0799865722656,268.0799865722656,9740400,238.63424173990884,213.02707852138562,149.50008580613033
2021-02-23,247.5500030517578,261.29998779296875,232.5,256.5899963378906,256.5899963378906,18971900,239.4475749622692,213.8034829128994,150.4378540301016
2021-02-24,243.1100006103516,246.0,230.67999267578125,237.32000732421875,237.32000732421875,26123100,239.7636358087713,214.35089865695224,151.2846781030745
2021-02-25,244.8699951171875,245.83999633789065,223.66000366210935,227.1100006103516,227.1100006103516,15916300,239.38878747188684,214.8088761233212,152.06064376503613
2021-02-26,226.32000732421875,232.77999877929688,217.3999938964844,230.02999877929688,230.02999877929688,14913800,239.04272692131275,215.2928086184384,152.823047195893
2021-03-01,238.1100006103516,241.718994140625,232.1000061035156,241.0,241.0,8989200,239.51242389100972,215.9137074331219,153.61690986207626
2021-03-02,251.8999938964844,258.489990234375,246.47000122070312,252.1999969482422,252.1999969482422,17345800,240.26030245694247,216.74943765361658,154.4703862431735
2021-03-03,249.0,250.9499969482422,232.0059967041016,234.1999969482422,234.1999969482422,12151700,240.3596963593454,217.40415680274535,155.23948494252218
2021-03-04,228.75999450683597,232.6300048828125,210.0,218.41000366210935,218.41000366210935,18496000,239.92393909801137,217.87202196442678,155.95206006095134
2021-03-05,221.2700042724609,222.00999450683597,191.3600006103516,216.44000244140625,216.44000244140625,24773600,239.5812118992661,218.39505570658136,156.68008581660848
2021-03-08,217.7100067138672,221.6300048828125,201.0,201.8699951171875,201.8699951171875,13488100,238.81181797836766,218.74168481719627,157.3495707696088
2021-03-09,215.3699951171875,226.4900054931641,211.5,225.08999633789065,225.08999633789065,14495500,238.76454532507694,219.3929206762421,158.1279827658199
2021-03-10,231.6100006103516,237.9199981689453,223.2050018310547,226.72999572753903,226.72999572753903,12973100,238.979999889027,220.03190938542397,158.88467803431172
2021-03-11,234.97000122070312,243.4900054931641,231.00999450683597,241.72000122070312,241.72000122070312,11728000,239.55090886896306,221.00763968135533,159.70618017957958
2021-03-12,232.0,242.22000122070312,230.0500030517578,242.1100006103516,242.1100006103516,8850100,240.32272708777225,221.9838195114993,160.50047202376336
2021-03-15,243.5200042724609,251.25999450683597,239.61700439453125,251.22999572753903,251.22999572753903,8867200,241.5972724683357,223.02898792738324,161.32459218102974
2021-03-16,252.25999450683597,252.5,238.6699981689453,243.3600006103516,243.3600006103516,7491600,242.83666622277462,223.8387632905767,162.11403425159372
2021-03-17,235.0,248.67999267578125,232.75,246.47000122070312,246.47000122070312,10154000,243.6415146336411,224.63921279049993,162.90399133903273
2021-03-18,242.8000030517578,243.3999938964844,222.55999755859372,224.3000030517578,224.3000030517578,12435000,243.89424179539537,224.9338195457887,163.6032188153574
2021-03-19,227.19000244140625,229.3999938964844,219.5200042724609,224.83999633789065,224.83999633789065,10480800,243.98212039831913,225.39179701215767,164.3221887580315
2021-03-22,225.2400054931641,230.17999267578125,221.7400054931641,226.1300048828125,226.1300048828125,6386100,243.9366658528646,225.99999931421172,165.0305149585904
2021-03-23,226.38999938964844,228.3800048828125,221.4900054931641,223.1999969482422,223.1999969482422,5591500,243.7930293227687,226.4469655926308,165.72639476792494
2021-03-24,224.3000030517578,225.8999938964844,212.15499877929688,213.50999450683597,213.50999450683597,9262500,243.0593927556818,226.8402240195971,166.3963947378003
2021-03-25,204.6000061035156,211.9600067138672,202.1000061035156,208.47000122070312,208.47000122070312,12878900,242.09242294773912,227.19168468003863,167.02948487572405
2021-03-26,209.32000732421875,216.7899932861328,203.9600067138672,213.6000061035156,213.6000061035156,9196200,240.68727158055162,227.57865099960497,167.68090121224202
2021-03-29,212.0,214.38999938964844,202.92999267578125,207.17999267578125,207.17999267578125,9695800,239.14363514293325,227.79528019937237,168.30394839831177
2021-03-30,204.4900054931641,214.3000030517578,202.8300018310547,212.8300018310547,212.8300018310547,9735700,237.79030216101444,228.10190950886587,168.94463510472374
2021-03-31,218.41000366210935,232.75999450683597,218.41000366210935,227.0500030517578,227.0500030517578,14453700,236.61212065725616,228.4995499514462,169.65407717790725
2021-04-01,231.25999450683597,236.4600067138672,227.57000732421875,229.50999450683597,229.50999450683597,9260800,235.3018174604936,228.87640380859375,170.35682394985477
2021-04-05,231.6199951171875,233.32000732421875,224.1000061035156,229.9499969482422,229.9499969482422,7535000,233.90575709487453,229.12550491161562,171.06416299517062
2021-04-06,230.4900054931641,238.5,228.0800018310547,236.5,236.5,8768500,232.86212065725616,229.50303307008207,171.80879818830368
2021-04-07,237.50999450683597,249.8999938964844,236.0,245.1199951171875,245.1199951171875,17012200,232.08242335464016,229.86483078860164,172.58746770113834
2021-04-08,248.8300018310547,258.5899963378906,248.82000732421875,258.3699951171875,258.3699951171875,15728200,231.53090783321497,230.37999922505927,173.41012861390993
2021-04-09,255.88999938964844,265.29998779296875,253.67999267578125,261.6499938964844,261.6499938964844,14969000,231.3360595703125,230.94954964284148,174.2408152895424
2021-04-12,258.19000244140625,266.9599914550781,255.8500061035156,265.20001220703125,265.20001220703125,9051300,231.59696914210463,231.6484261844935,175.0587552443083
2021-04-13,267.4800109863281,275.45001220703125,266.8999938964844,273.2300109863281,273.2300109863281,10561700,232.68515107125947,232.44876338658707,175.9050213727828
2021-04-14,274.1300048828125,278.1300048828125,256.57501220703125,258.3999938964844,258.3999938964844,12486400,233.63333268599078,233.04280827554425,176.6925749881073
2021-04-15,262.8500061035156,268.4140014648437,260.739990234375,263.0799865722656,263.0799865722656,8944400,234.63484746759588,233.65999920448562,177.4988839472824
2021-04-16,263.239990234375,263.44000244140625,254.66900634765625,256.1000061035156,256.1000061035156,8549300,235.09242341012666,234.14898801653572,178.28133032147977
2021-04-19,250.22000122070312,253.3000030517578,242.5800018310547,245.3300018310547,245.3300018310547,10735500,234.88424173990884,234.51213416624606,178.99862647977508
2021-04-20,247.58999633789065,253.0,243.67999267578125,245.5,245.5,12580000,235.2266660748106,234.94426907314343,179.70781101996295
2021-04-21,243.1100006103516,251.48199462890625,240.33999633789065,245.25,245.25,9965200,236.03999929717094,235.25887581471648,180.4315020188753
2021-04-22,246.4600067138672,255.80499267578125,242.7100067138672,245.1100006103516,245.1100006103516,12730800,236.9087871204723,235.5793253009239,181.1433475150571
2021-04-23,243.38999938964844,247.57000732421875,240.33999633789065,246.42999267578125,246.42999267578125,8459800,238.2590900767933,235.92280835783885,181.84888396038005
2021-04-26,248.2700042724609,256.9700012207031,246.3000030517578,255.7700042724609,255.7700042724609,8494400,239.1887872869318,236.32483081603317,182.5968668205032
2021-04-27,256.9599914550781,260.8099975585937,253.3999938964844,253.7899932861328,253.7899932861328,6791500,240.0087872129498,236.6249430795734,183.33635177939746
2021-04-28,253.0,258.9700012207031,249.3999938964844,254.1999969482422,254.1999969482422,6140700,240.38696890166312,236.888538489181,184.08060068940912
2021-04-29,257.3580017089844,259.8800048828125,245.00999450683597,247.75999450683597,247.75999450683597,6592800,240.55818083792022,237.02685306849105,184.7962229978373
2021-04-30,244.2400054931641,249.9600067138672,243.38999938964844,244.82000732421875,244.82000732421875,6188300,240.36393876509234,237.1540441620216,185.5052358930203
2021-05-03,246.6000061035156,249.41900634765625,241.7899932861328,243.67999267578125,243.67999267578125,5268800,240.37363549434778,237.17763956477134,186.2030899309805
2021-05-04,238.8300018310547,240.19000244140625,228.61900329589844,231.19000244140625,231.19000244140625,9123600,239.91060522830847,237.1833700115761,186.84030023664874
2021-05-05,237.5,240.1999969482422,229.8000030517578,231.8699951171875,231.8699951171875,6661000,240.13999892726088,237.2237070490805,187.45776802685128
2021-05-06,235.2100067138672,235.3500061035156,216.6999969482422,223.9600067138672,223.9600067138672,14759100,240.11333257501775,237.23067345779933,188.02424873712238
2021-05-07,240.08999633789065,241.69900512695312,231.1790008544922,233.3500061035156,233.3500061035156,14836300,240.33212049079663,237.44808925671524,188.6492702173061
2021-05-10,229.6199951171875,230.0,216.00999450683597,216.42999267578125,216.42999267578125,13256900,240.12696884617662,237.39629149704837,189.19218863949754
2021-05-11,205.88999938964844,221.77999877929688,205.69000244140625,220.6499938964844,220.6499938964844,13676100,240.34333246404475,237.43011166004652,189.75454911653577
2021-05-12,215.3000030517578,218.75999450683597,205.6000061035156,206.6699981689453,206.6699981689453,11778300,240.28878691702178,237.26730260956154,190.25729589503212
2021-05-13,208.1999969482422,211.5,192.2899932861328,197.1300048828125,197.1300048828125,21397100,239.78969597093987,236.900785810492,190.7088838831038
2021-05-14,200.27999877929688,208.3000030517578,198.1699981689453,207.8500061035156,207.8500061035156,11497800,239.80999940814394,236.68685330165906,191.23145903231247
2021-05-17,205.0,205.0,195.5500030517578,202.9199981689453,202.9199981689453,12133800,239.5096962668679,236.27606681223665,191.73017146556674
2021-05-18,202.5,209.72999572753903,199.72900390625,203.16000366210935,203.16000366210935,10088000,238.785756891424,235.84584216857223,192.21154487184188
2021-05-19,193.8000030517578,200.8500061035156,192.2100067138672,200.1100006103516,200.1100006103516,16413300,237.89484798546994,235.56056127655373,192.66377664328644
2021-05-20,202.58999633789065,206.69000244140625,202.1999969482422,204.91000366210935,204.91000366210935,8336500,237.13606031013256,235.3065163258756,193.12678095608823
2021-05-21,207.0,208.8999938964844,199.6199951171875,200.00999450683597,200.00999450683597,9250300,236.03030256791547,234.9592129139418,193.56343330743488
2021-05-24,202.1699981689453,212.8000030517578,197.3000030517578,210.9499969482422,210.9499969482422,13215000,234.99484807794744,234.71381969666214,194.04828306533747
2021-05-25,212.07000732421875,219.08999633789065,211.7700042724609,216.1999969482422,216.1999969482422,14779000,233.71696934555516,234.58404438147383,194.52888390536984
2021-05-26,218.0399932861328,223.8300018310547,215.8000030517578,222.33999633789065,222.33999633789065,11914400,232.52575729832506,234.5287635031711,195.03356200124063
2021-05-27,222.3800048828125,223.38999938964844,217.66000366210935,220.8999938964844,220.8999938964844,8555700,231.18333250103575,234.46415676159805,195.5486692829705
2021-05-28,221.8800048828125,225.8999938964844,221.6499938964844,222.5200042724609,222.5200042724609,6779800,229.64666563091856,234.49674113412922,196.05399119495834
2021-06-01,223.5399932861328,227.06500244140625,218.57699584960935,221.9499969482422,221.9499969482422,6902900,228.54212026885062,234.4862916067745,196.55892679108058
2021-06-02,221.3300018310547,224.8800048828125,219.4900054931641,220.41000366210935,220.41000366210935,7147500,227.24909048369437,234.52865120534148,197.05991392995156
2021-06-03,218.8699951171875,219.94000244140625,211.25,211.42999267578125,211.42999267578125,7255700,225.89545371315697,234.55404440204748,197.51695251464844
2021-06-04,212.50999450683597,218.281005859375,211.7400054931641,213.69000244140625,213.69000244140625,8988500,224.9366658528646,234.68022412932322,197.9366520893932
2021-06-07,214.25,217.30999755859372,211.6499938964844,216.9499969482422,216.9499969482422,5770800,224.07151424523556,234.6469656269202,198.38111559822835
2021-06-08,218.0,221.41000366210935,212.2100067138672,214.1199951171875,214.1199951171875,6074000,223.12818076393822,234.62629133931708,198.78948467074545
2021-06-09,216.92999267578125,217.9459991455078,210.05999755859372,210.2100067138672,210.2100067138672,6817900,222.07060519131747,234.49449363451325,199.15261775331948
2021-06-10,211.00999450683597,217.6300048828125,209.8000030517578,217.13999938964844,217.13999938964844,7575800,221.18302963719225,234.37662840425298,199.51223145841018
2021-06-11,218.1000061035156,222.7899932861328,218.0,219.33999633789065,219.33999633789065,7533200,220.0790900028113,234.27999912219101,199.89828294745843
2021-06-14,223.0500030517578,231.4499969482422,221.63999938964844,230.9499969482422,230.9499969482422,11591700,219.38696890166312,234.2039316584555,200.33991382255064
2021-06-15,231.1499938964844,233.2100067138672,226.0,227.75,227.75,9437400,218.58545384262547,234.06202149123288,200.80815415934944
2021-06-16,226.1499938964844,229.1199951171875,220.1100006103516,225.1100006103516,225.1100006103516,9149000,217.89909039121684,233.67033609111658,201.25394816255366
2021-06-17,223.7899932861328,237.83999633789065,223.58999633789065,236.1300048828125,236.1300048828125,10830200,217.6357569839015,233.4232575491573,201.74291815368915
2021-06-18,235.02999877929688,239.9600067138672,233.0,237.0500030517578,237.0500030517578,8518300,217.43484820741597,233.19359477182454,202.24549328718064
2021-06-21,234.91000366210935,235.66000366210935,228.82000732421875,233.88999938964844,233.88999938964844,6628900,217.51666629675663,232.83359484726122,202.73115850620516
2021-06-22,232.88999938964844,236.2779998779297,229.8070068359375,235.97000122070312,235.97000122070312,6748900,217.64090890595406,232.42033643401072,203.1928752522612
2021-06-23,236.8999938964844,243.0,236.8600006103516,238.6999969482422,238.6999969482422,8165500,218.08757527669272,232.00101068046655,203.67231730841772
2021-06-24,244.3000030517578,248.8999938964844,243.00999450683597,244.1499938964844,244.1499938964844,8165700,218.4148476340554,231.69999934850114,204.16575079005165
2021-06-25,243.19000244140625,244.8699951171875,237.1499938964844,239.94000244140625,239.94000244140625,7614800,219.12727217240766,231.35269593656733,204.66793964042174
2021-06-28,241.6999969482422,247.72999572753903,241.6999969482422,246.6000061035156,246.6000061035156,7372300,219.91363617868134,231.01595434981786,205.20523578823892
2021-06-29,247.83999633789065,251.91000366210935,246.14100646972656,248.8699951171875,248.8699951171875,6186800,221.19242396499172,230.800111749199,205.73364778445003
2021-06-30,248.0800018310547,248.7899932861328,243.33999633789065,243.8000030517578,243.8000030517578,6655500,222.60666633374763,230.65640395946718,206.24991388279992
2021-07-01,242.82000732421875,245.0500030517578,237.8000030517578,241.8500061035156,241.8500061035156,5616900,223.63696936405066,230.7073028221559,206.7361799903182
2021-07-02,243.0,245.41000366210935,239.3600006103516,241.0800018310547,241.0800018310547,4401500,224.7933331113873,230.8642691280065,207.21665208022483
2021-07-06,241.30999755859372,249.3699951171875,241.30999755859372,246.6999969482422,246.6999969482422,6252200,226.11272684733072,231.05157247821936,207.71815418685455
2021-07-07,250.0,254.77999877929688,244.30999755859372,244.63999938964844,244.63999938964844,7238300,227.46212074973366,231.09247134776598,208.18957048015022
2021-07-08,238.75,239.0,230.6000061035156,235.8999938964844,235.8999938964844,7683000,228.40121136289653,230.90932524606083,208.61476357914347
2021-07-09,239.0,241.9600067138672,235.55999755859372,241.88999938964844,241.88999938964844,5404600,229.67030241995147,230.9957297678744,209.02394811278248
2021-07-12,243.5800018310547,247.22000122070312,241.781005859375,243.3500061035156,243.3500061035156,5722700,230.6521208792022,231.27595451440703,209.40742453382762
2021-07-13,243.3500061035156,247.4900054931641,239.83999633789065,241.42999267578125,241.42999267578125,6304500,231.41666620427912,231.55674092153484,209.81175926110262
2021-07-14,244.3500061035156,246.19000244140625,238.47999572753903,239.0,239.0,6188300,231.92151480010062,231.97393198763388,210.23948459870826
2021-07-15,239.8300018310547,241.6210021972656,233.1100006103516,235.16000366210935,235.16000366210935,7143500,232.35363630814985,232.08707813734418,210.65540736120658
2021-07-16,238.6999969482422,241.7700042724609,234.3999938964844,237.5200042724609,237.5200042724609,7879900,232.8081817626953,232.20831418841072,211.07815414232246
2021-07-19,231.91000366210935,234.0200042724609,225.27999877929688,233.69000244140625,233.69000244140625,7310000,233.1639395049124,232.11808948302536,211.46656615948984
2021-07-20,234.6100006103516,247.69000244140625,232.1999969482422,246.47000122070312,246.47000122070312,8851600,233.95363640062737,232.1670782539282,211.9151069084462
2021-07-21,246.27999877929688,258.5,244.8000030517578,257.25,257.25,9068900,235.34212147105825,232.2347187513716,212.36476357914347
2021-07-22,256.92999267578125,262.5690002441406,256.5,260.5899963378906,260.5899963378906,6660100,236.76333340731534,232.42831420898438,212.83493526606088
2021-07-23,261.8500061035156,267.7699890136719,261.2799987792969,264.0,264.0,6374100,238.18909107555044,232.62528048740344,213.32261769045064
2021-07-26,264.9700012207031,265.739990234375,260.3999938964844,261.989990234375,261.989990234375,5928300,239.63969698819247,233.04876348945533,213.7781112081503
2021-07-27,261.2799987792969,261.8599853515625,245.0570068359375,251.72999572753903,251.72999572753903,7828100,240.89787847345525,233.3508983140581,214.19283219366113
2021-07-28,254.02999877929688,259.8699951171875,250.7700042724609,258.6099853515625,258.6099853515625,4698900,242.15454471472538,233.71584191483058,214.65128709522952
2021-07-29,255.50999450683597,261.8299865722656,254.52999877929688,255.27999877929688,255.27999877929688,4713800,243.24363569779828,234.07629137360647,215.08167335608488
2021-07-30,249.27999877929688,254.3600006103516,244.3500061035156,247.25999450683597,247.25999450683597,7566500,243.73787804805872,234.45550485675255,215.48304669949118
2021-08-02,247.92999267578125,280.875,247.00999450683597,272.3800048828125,272.3800048828125,45730600,245.09030243844697,235.1735947855403,215.9842055161112
2021-08-03,270.42999267578125,274.95001220703125,261.75,269.489990234375,269.489990234375,21445100,246.43515060887194,235.80157213532522,216.47158747988198
2021-08-04,268.0,268.3900146484375,261.0,266.4200134277344,266.4200134277344,10241400,247.35302965568775,236.46719034602134,216.93021415743195
2021-08-05,265.6000061035156,289.2300109863281,264.7699890136719,281.8099975585937,281.8099975585937,19413700,248.70939312559184,237.24224647779144,217.42442013982028
2021-08-06,279.510009765625,285.8599853515625,273.1000061035156,275.1000061035156,275.1000061035156,9490700,249.95818120783025,237.7821341525303,217.9060510463469
2021-08-09,272.989990234375,286.5199890136719,270.6300048828125,279.7300109863281,279.7300109863281,10561700,251.2842421098189,238.34640400061446,218.45055752864724
2021-08-10,280.010009765625,283.5899963378906,272.6400146484375,273.0799865722656,273.0799865722656,6694800,252.32605997721353,238.83101062560348,218.9942913792164
2021-08-11,277.760009765625,281.3399963378906,269.614990234375,271.0899963378906,271.0899963378906,8018200,253.1424236875592,239.21966226984947,219.56072912912
2021-08-12,270.45001220703125,272.8399963378906,265.54998779296875,268.5899963378906,268.5899963378906,5208800,254.010605320786,239.48337014873377,220.09454882707718
2021-08-13,269.95001220703125,271.9100036621094,266.4599914550781,267.8800048828125,267.8800048828125,4267500,254.65545376864347,239.59022419104414,220.63879774363767
2021-08-16,266.3500061035156,267.3800048828125,257.6000061035156,263.3999938964844,263.3999938964844,6543000,255.0957567619555,239.60988711239247,221.17935567045416
2021-08-17,260.9800109863281,264.25,257.9100036621094,260.8800048828125,260.8800048828125,5707800,255.61333257501775,239.56134770425518,221.67926988069593
2021-08-18,261.5400085449219,266.6669921875,259.0799865722656,259.6600036621094,259.6600036621094,4705100,256.1530294707327,239.40887571184822,222.13060036851613
2021-08-19,256.8399963378906,260.4800109863281,254.13999938964844,257.3500061035156,257.3500061035156,5121000,256.64605990323156,239.39707809619688,222.58682355757946
2021-08-20,257.1400146484375,263.5,257.0849914550781,263.04998779296875,263.04998779296875,4749600,257.14151417125356,239.39674103126097,223.09072908720745
2021-08-23,267.7099914550781,273.5,267.07000732421875,270.44000244140625,270.44000244140625,6071300,257.92333244554925,239.55786458561928,223.62905530151892
2021-08-24,272.3999938964844,274.18798828125,269.1300048828125,270.1700134277344,270.1700134277344,4258100,258.9618178858901,239.83696583951456,224.13999958611353
2021-08-25,269.5299987792969,270.32501220703125,266.2200012207031,267.57000732421875,267.57000732421875,3428700,259.7399999445135,240.08494344989904,224.62060049163426
2021-08-26,268.0,268.0,260.94000244140625,262.1300048828125,262.1300048828125,4314400,260.3090908166134,240.27460642611044,225.10360482015324
2021-08-27,262.0,270.4840087890625,261.614990234375,268.010009765625,268.010009765625,4646200,261.114545879942,240.5319098997652,225.60017139614908
2021-08-30,271.0,273.8699951171875,268.5,271.9200134277344,271.9200134277344,6348100,262.1121220444188,240.81831462731523,226.09030020390458
2021-08-31,273.5,276.1400146484375,266.260009765625,268.07000732421875,268.07000732421875,6309300,263.10939488266456,240.95651690879563,226.55085819882896
2021-09-01,269.010009765625,273.1499938964844,267.94000244140625,268.25,268.25,3942000,264.0406068744081,241.1189888943447,226.9948067071612
2021-09-02,272.3699951171875,274.3699951171875,265.4700012207031,265.94000244140625,265.94000244140625,5215000,265.0178796016809,241.2508990684252,227.43854061012104
2021-09-03,266.5400085449219,270.6300048828125,263.67999267578125,269.739990234375,269.739990234375,4901800,265.7230307839134,241.49786531255486,227.87308990085586
2021-09-07,270.0799865722656,270.45001220703125,263.75,265.8299865722656,265.8299865722656,5672200,265.9830303770123,241.7339324951172,228.28605121399713
2021-09-08,264.760009765625,265.0,251.72999572753903,254.72000122070312,254.72000122070312,10481800,265.80515173709756,241.85797753494776,228.60278942451967
2021-09-09,256.0,258.6300048828125,251.3800048828125,251.5399932861328,251.5399932861328,5606200,265.42757577607125,242.0866291174728,228.92982803803145
2021-09-10,253.00999450683597,254.75,247.3800048828125,247.8999938964844,247.8999938964844,6509300,265.00060619007456,242.2667414633076,229.22047182009456
2021-09-13,248.7400054931641,248.83999633789065,237.91000366210935,246.67999267578125,246.67999267578125,7879100,264.84757579456675,242.5220222044527,229.49163058694342
2021-09-14,249.1000061035156,253.4199981689453,245.67999267578125,247.0500030517578,247.0500030517578,4940400,264.4972733006333,242.67595475443292,229.74815421043036
2021-09-15,247.72999572753903,248.8999938964844,245.07000732421875,248.8000030517578,248.8000030517578,4092200,264.3009097937382,243.03966273618548,230.021244360142
2021-09-16,248.8000030517578,255.4900054931641,247.47999572753903,255.08999633789065,255.08999633789065,5795100,264.5381825764974,243.42662905575185,230.29858339497972
2021-09-17,256.0599975585937,257.2699890136719,252.3800048828125,255.7899932861328,255.7899932861328,5564700,264.03545495235556,243.97853911324833,230.59171638979933
2021-09-20,245.3300018310547,251.72000122070312,244.6100006103516,250.22999572753903,250.22999572753903,5861500,263.45181875517875,244.57516822386324,230.85622278303546
2021-09-21,252.82000732421875,254.1000061035156,249.8300018310547,251.3000030517578,251.3000030517578,4658700,262.9936366225734,245.06337043676484,231.13497813474467
2021-09-22,253.0,261.7900085449219,252.2899932861328,261.07000732421875,261.07000732421875,6271000,262.36515207001656,245.71674132614993,231.4530468068921
2021-09-23,263.489990234375,268.1700134277344,262.70001220703125,266.7200012207031,266.7200012207031,7837900,262.1112125281132,246.43089860208917,231.80060043662402
2021-09-24,263.989990234375,264.9700012207031,257.9100036621094,262.5,262.5,6958900,261.58909098307294,247.13190983118636,232.16403388158446
2021-09-27,258.1000061035156,259.8599853515625,255.79299926757807,258.1099853515625,258.1099853515625,4683200,261.13545458244556,247.72966243443864,232.516737712811
2021-09-28,252.50999450683597,252.8500061035156,241.6199951171875,242.6999969482422,242.6999969482422,11052200,260.275151570638,248.2093253832185,232.79969905476713
2021-09-29,245.5200042724609,246.2400054931641,235.22000122070312,236.0399932861328,236.0399932861328,7323700,259.2887878417969,248.49123545443075,233.08360460797093
2021-09-30,236.69000244140625,243.2700042724609,236.2700042724609,239.83999633789065,239.83999633789065,5464100,258.4390906131629,248.75685342510096,233.37896938078393
2021-10-01,239.44000244140625,242.0500030517578,236.8800048828125,239.2899932861328,239.2899932861328,5934600,257.7084845340613,248.94730282901378,233.68866890182824
2021-10-04,235.6100006103516,236.28500366210935,222.9199981689453,226.25,226.25,12376700,256.6590904467034,249.00741525714318,233.93068606659065
2021-10-05,226.91000366210935,239.13999938964844,226.25999450683597,235.97999572753903,235.97999572753903,9928200,255.9415144486861,249.158651116189,234.27875469682553
2021-10-06,231.97000122070312,241.0,231.3300018310547,239.1199951171875,239.1199951171875,7079600,255.3890898733428,249.35157244392994,234.63879761266094
2021-10-07,246.08999633789065,251.6499938964844,244.9199981689453,249.16000366210935,249.16000366210935,9170900,254.96818126331675,249.67460615179513,235.02914094720276
2021-10-08,249.3000030517578,251.44000244140625,238.1199951171875,238.4900054931641,238.4900054931641,8488300,253.99999953761244,249.9786512396309,235.31755301676083
2021-10-11,238.4900054931641,240.72000122070312,232.0,232.3300018310547,232.3300018310547,7632300,252.85333251953125,250.1880894350202,235.5626174206386
2021-10-12,237.75,240.32000732421875,234.0800018310547,237.41000366210935,237.41000366210935,5800300,251.93939301461884,250.41797715090632,235.73141571175898
2021-10-13,239.3000030517578,243.52999877929688,238.6699981689453,242.72999572753903,242.72999572753903,5422800,251.35151394930753,250.73943783192152,235.98313242376108
2021-10-14,248.1150054931641,251.33999633789065,247.1000061035156,247.41000366210935,247.41000366210935,6747800,250.7272713401101,251.15741532572198,236.3067805081478
2021-10-15,250.0,250.4600067138672,246.50999450683597,249.0,249.0,4673500,250.0327254786636,251.51539286066978,236.58823974347422
2021-10-18,247.4499969482422,253.6000061035156,244.16000366210935,252.1999969482422,252.1999969482422,6911100,249.55181607333097,251.88460635067372,236.90450584837296
2021-10-19,253.94000244140625,256.9700012207031,251.80999755859372,254.41000366210935,254.41000366210935,5248600,249.13242224491003,252.1482019317284,237.2359221626249
2021-10-20,257.8900146484375,260.3800048828125,253.0200042724609,255.3500061035156,255.3500061035156,4695100,248.81151326497397,252.4583143598578,237.56291788125753
2021-10-21,255.5399932861328,265.6499938964844,253.6000061035156,265.0799865722656,265.0799865722656,7003100,248.6703010327888,252.90741532572198,237.89416248501627
2021-10-22,259.8800048828125,262.0,251.94000244140625,253.05999755859372,253.05999755859372,7656200,248.28333166873816,253.09763996252852,238.18394791107832
2021-10-25,252.5500030517578,262.4100036621094,252.52999877929688,262.0,262.0,5747700,248.50393769235322,253.3779770068908,238.4858363073783
2021-10-26,263.0299987792969,270.1600036621094,259.0599975585937,263.3900146484375,263.3900146484375,7089500,248.8630292487867,253.70943785249517,238.775192588184
2021-10-27,261.9200134277344,262.3099975585937,252.27999877929688,253.0200042724609,253.0200042724609,6305700,249.01818107836175,253.90101092049244,238.9693557018886
2021-10-28,257.19000244140625,261.6099853515625,254.6649932861328,261.3299865722656,261.3299865722656,4912900,249.46212028734612,254.1552804668298,239.220128202643
2021-10-29,258.1600036621094,258.75,253.9750061035156,254.5,254.5,4093800,249.6878777706262,254.2715726702401,239.39858314612394
2021-11-01,255.1199951171875,255.5399932861328,251.1199951171875,255.0399932861328,255.0399932861328,4426600,249.87696838378906,254.44123548872017,239.58107236935857
2021-11-02,253.0399932861328,255.2239990234375,247.3999938964844,249.00999450683597,249.00999450683597,5465900,249.69272590406013,254.4683140101058,239.7443770379979
2021-11-03,249.3999938964844,252.82000732421875,248.22999572753903,252.47999572753903,252.47999572753903,4205600,249.59242294773912,254.50887581471648,239.95673753468265
2021-11-04,252.63999938964844,253.32000732421875,244.5500030517578,247.4600067138672,247.4600067138672,10195300,249.50848388671875,254.5499994513694,240.15184485963485
2021-11-05,247.63999938964844,255.9499969482422,237.0800018310547,237.3800048828125,237.3800048828125,15228000,249.08666576038706,254.4997747185525,240.28854016480017
2021-11-08,237.9900054931641,241.4199981689453,234.1499938964844,236.7700042724609,236.7700042724609,7458700,248.35030203154594,254.4513477796919,240.411372827358
2021-11-09,238.3999938964844,240.8999938964844,229.7169952392578,230.77999877929688,230.77999877929688,7280600,247.261211048473,254.27247139577116,240.48948440224316
2021-11-10,230.0,234.69000244140625,225.25,227.2100067138672,227.2100067138672,7326800,246.1918173125296,254.07662878143654,240.55042866064244
2021-11-11,231.00999450683597,231.22000122070312,225.6499938964844,226.50999450683597,226.50999450683597,4699500,245.23424183238637,253.9711231703169,240.63399089764116
2021-11-12,228.1999969482422,229.75999450683597,226.50999450683597,227.3000030517578,227.3000030517578,5669000,244.76757535067472,253.80719062719453,240.67712395794914
2021-11-15,229.0,238.6000061035156,228.8000030517578,233.0200042724609,233.0200042724609,6501800,244.6760605320786,253.69112319089055,240.7476390134623
2021-11-16,231.3000030517578,238.8999938964844,230.3999938964844,238.47000122070312,238.47000122070312,5690800,244.63454552852747,253.6578648599346,240.8446776426913
2021-11-17,238.8500061035156,241.5,229.69000244140625,231.8500061035156,231.8500061035156,5185100,244.40909137147847,253.57752784986175,240.89557893286448
2021-11-18,234.69000244140625,237.82000732421875,228.11399841308597,230.3500061035156,230.3500061035156,5396100,244.5333339806759,253.52348293347305,240.90961328596515
2021-11-19,228.6300048828125,229.9900054931641,224.08999633789065,225.13999938964844,225.13999938964844,7442300,244.20484924316406,253.3843817550145,240.88557892500586
2021-11-22,222.7100067138672,224.57000732421875,205.27999877929688,211.30999755859372,211.30999755859372,15737600,243.3621220444188,253.1329210259941,240.7819737774108
2021-11-23,209.8600006103516,214.6999969482422,205.41000366210935,210.5500030517578,210.5500030517578,9829700,242.19212202592328,252.7293255409498,240.68347593643122
2021-11-24,207.30999755859372,217.08999633789065,207.30999755859372,215.6499938964844,215.6499938964844,6910300,241.50000046238756,252.26190974203388,240.5721883487292
2021-11-26,211.00999450683597,215.6499938964844,209.2700042724609,212.0800018310547,212.0800018310547,3687200,240.8863640987512,251.71685362397955,240.49236006184196
2021-11-29,220.4600067138672,220.6000061035156,209.0500030517578,212.8699951171875,212.8699951171875,5575400,240.14272747617778,251.142359187094,240.42622270706897
2021-11-30,214.8800048828125,217.75,206.0,208.3300018310547,208.3300018310547,10092500,239.10030341870856,250.5394379690792,240.3618021297864
2021-12-01,210.19000244140625,211.6100006103516,193.92999267578125,194.5,194.5,13324300,237.49696997440222,249.89640430921918,240.27811114266194
2021-12-02,191.17999267578125,195.5200042724609,185.27999877929688,192.1499938964844,192.1499938964844,16858600,235.77424251671994,249.14966283219584,240.15411972897246
2021-12-03,192.66000366210935,192.88999938964844,174.3350067138672,181.30999755859372,181.30999755859372,19166000,233.62606071703362,248.31853922297447,239.99819697433276
2021-12-06,176.8699951171875,180.1699981689453,170.75,179.72000122070312,179.72000122070312,11654100,231.36272730971828,247.5596628939168,239.8203428866014
2021-12-07,187.9750061035156,192.88999938964844,187.1699981689453,189.50999450683597,189.50999450683597,10652900,229.36757544315222,246.62853918182716,239.64763900036465
2021-12-08,190.0,195.27999877929688,185.8000030517578,194.77999877929688,194.77999877929688,8883700,227.23727278275922,245.78910107559034,239.50982783894682
2021-12-09,191.50999450683597,194.52999877929688,185.4019927978516,186.75,186.75,6251300,225.2278789173473,244.89393238539105,239.28351884440804
2021-12-10,187.50999450683597,189.8699951171875,179.69000244140625,181.32000732421875,181.32000732421875,7956400,222.78303065444484,243.7648313715217,239.02545021941222
2021-12-13,179.11000061035156,181.1000061035156,171.80999755859375,175.44000244140625,175.44000244140625,10548000,220.11787876938328,242.6450560494755,238.81060044448265
2021-12-14,170.3000030517578,175.89999389648438,168.61000061035156,170.72000122070312,170.72000122070312,8982800,217.62393928296638,241.42022447907522,238.5668236073506
2021-12-15,169.9499969482422,174.9600067138672,162.9600067138672,173.8000030517578,173.8000030517578,11626500,214.9715155399207,240.30471904626054,238.32167341371462
2021-12-16,175.25999450683594,176.91000366210938,163.85000610351562,165.8800048828125,165.8800048828125,10913700,212.28606114243016,239.12258431081023,238.03450608151152
2021-12-17,161.07000732421875,168.8699951171875,158.3800048828125,167.05999755859375,167.05999755859375,12713700,209.62000066583806,237.98179780767205,237.7740339680291
2021-12-20,162.99000549316406,163.5679931640625,157.57000732421875,158.3000030517578,158.3000030517578,9387800,206.87121304598722,236.75056183204222,237.47806833946655
2021-12-21,160.8699951171875,171.88999938964844,159.41000366210938,170.47000122070312,170.47000122070312,10771000,204.38606169729522,235.70640461096602,237.23695249107263
2021-12-22,167.0800018310547,171.8350067138672,164.75999450683594,167.3800048828125,167.3800048828125,7471000,201.95939497514203,234.6558428132132,237.01274652440148
2021-12-23,166.36000061035156,168.8000030517578,164.58999633789062,167.7100067138672,167.7100067138672,6668600,199.84818290941644,233.6226967800869,236.77596541638027
2021-12-27,168.14999389648438,171.39999389648438,167.5,168.47999572753906,168.47999572753906,5468500,197.77878871108547,232.6241573376602,236.5692701216931
2021-12-28,168.5,169.24000549316406,162.8800048828125,163.6699981689453,163.6699981689453,6570500,195.7451523289536,231.50752824076105,236.37399115173602
2021-12-29,164.10000610351562,164.89999389648438,158.5,161.85000610351562,161.85000610351562,7021900,193.76454624985203,230.2874159223578,236.1996993036229
2021-12-30,161.55999755859375,168.625,161.27000427246094,165.33999633789062,165.33999633789062,6656700,191.9109099417022,229.10955056179776,235.96549326360483
2021-12-31,164.0,165.3300018310547,161.38999938964844,161.50999450683594,161.50999450683594,6448500,189.91727331912878,227.9178650245238,235.73180222408965
2022-01-03,162.8699951171875,165.1999969482422,159.30999755859375,164.02999877929688,164.02999877929688,7315700,187.82666709206322,226.81561776493373,235.48326143584026
2022-01-04,163.5,163.88999938964844,151.02000427246094,156.3300018310547,156.3300018310547,14768500,185.3375762014678,225.5607862151071,235.1772528390516
2022-01-05,155.0,156.4499969482422,143.30999755859375,143.49000549316406,143.49000549316406,17546200,182.66000042539653,224.11775241808945,234.81480650021794
2022-01-06,140.6199951171875,148.36000061035156,138.08999633789062,144.66000366210938,144.66000366210938,16244200,180.06333368474787,222.73112316345902,234.41540736906518
2022-01-07,143.25,148.52000427246094,141.19000244140625,141.5399932861328,141.5399932861328,9426000,177.53000016645953,221.30741522285376,233.99120131071032
2022-01-10,139.64999389648438,144.6199951171875,133.1300048828125,144.47999572753906,144.47999572753906,15594400,175.5048485958215,219.94269604629346,233.495536051083
2022-01-11,142.19000244140625,151.5,141.83999633789062,148.42999267578125,148.42999267578125,10880700,173.62242403897372,218.5796623658598,233.02476350841604
2022-01-12,150.6999969482422,152.6999969482422,145.33999633789062,145.47000122070312,145.47000122070312,9341600,171.49575759425306,217.2273029798872,232.54399102337882
2022-01-13,147.47000122070312,148.35000610351562,136.10000610351562,136.9499969482422,136.9499969482422,10133100,169.2190907796224,215.90404450491573,231.99042880995592
2022-01-14,135.0,138.66000366210938,129.30799865722656,133.2899932861328,133.2899932861328,19694000,166.80757557262075,214.57539281952248,231.39188800860884
2022-01-18,130.02999877929688,137.08999633789062,128.22999572753906,130.0,130.0,14192100,164.43393915349787,213.2506737869777,230.7651927767905
2022-01-19,129.0050048828125,132.74000549316406,127.25,128.13999938964844,128.13999938964844,25601900,162.42303004409328,211.91876375005486,230.15231722721214
2022-01-20,128.22000122070312,135.6999969482422,127.08000183105467,127.58000183105467,127.58000183105467,13835500,160.46636361786813,210.5764041857773,229.53742450501275
2022-01-21,125.88999938964844,127.61000061035156,117.80999755859376,118.0999984741211,118.0999984741211,14992600,158.55090910015684,209.1078648085005,228.85729571166468
2022-01-24,113.5,117.45999908447266,102.0,117.3000030517578,117.3000030517578,30462000,156.6593940041282,207.55966263674617,228.2101713188728
2022-01-25,114.0500030517578,118.98999786376952,109.55999755859376,115.3000030517578,115.3000030517578,16983700,154.41060638427734,205.98112342062961,227.6037764979023
2022-01-26,119.01000213623048,121.91000366210938,110.5999984741211,111.0,111.0,15188000,151.87181854248047,204.4167414461629,227.0616305437211
2022-01-27,107.83999633789062,111.12000274658205,103.7300033569336,105.63999938964844,105.63999938964844,21500700,149.4139397361062,202.78011219153242,226.54030006637902
2022-01-28,104.9499969482422,111.18000030517578,101.75,110.37999725341795,110.37999725341795,16820300,147.26424246123344,201.08696601096165,226.02678074652545
2022-01-31,112.86000061035156,122.31999969482422,112.68000030517578,122.29000091552734,122.29000091552734,14374000,145.65363635438862,199.46415701876865,225.51729577191398
2022-02-01,128.5,130.72999572753906,121.0500030517578,127.61000061035156,127.61000061035156,17461900,144.34727269952947,197.94853904809844,224.98257475758828
2022-02-02,118.62999725341795,120.61000061035156,111.52999877929688,114.04000091552734,114.04000091552734,26703200,142.53636354388613,196.32977517803064,224.46686662010882
2022-02-03,107.0,109.6500015258789,100.04000091552734,101.5,101.5,29660700,140.58545430501303,194.74325835838746,223.96510694773923
2022-02-04,102.48999786376952,110.1999969482422,99.80999755859376,108.87000274658205,108.87000274658205,18824700,138.82212112889147,193.31438206019027,223.5034331293065
2022-02-07,106.86000061035156,108.98999786376952,101.80999755859376,102.80999755859376,102.80999755859376,24622300,137.14060581091678,191.7747191525577,223.07828292519238
2022-02-08,101.91000366210938,103.7699966430664,99.5,102.29000091552734,102.29000091552734,20091500,135.07454519560844,190.23539339558462,222.55124431822944
2022-02-09,104.80999755859376,112.9000015258789,104.61000061035156,112.83999633789062,112.83999633789062,24064600,133.42181766394413,188.96112369151598,222.06244603758716
2022-02-10,109.25,119.0,107.3000030517578,108.94000244140624,108.94000244140624,26289600,131.64090844356653,187.53370803661562,221.49257479819104
2022-02-11,112.58999633789062,118.04499816894533,106.87100219726562,107.87999725341795,107.87999725341795,31484600,129.80454485344166,186.05910131904517,220.91648036318276
2022-02-14,107.79000091552734,116.36000061035156,106.62999725341795,111.63999938964844,111.63999938964844,22821500,128.22787822376597,184.51393273171414,220.3173816664536
2022-02-15,113.0199966430664,115.37000274658205,110.2699966430664,115.20999908447266,115.20999908447266,16899000,126.81454467773438,183.12876412038054,219.76738165990477
2022-02-16,113.9499969482422,113.9499969482422,108.87000274658205,109.0,109.0,17971500,125.10727206143466,181.74303376272823,219.1773816546657
2022-02-17,110.23999786376952,110.77999877929688,103.3560028076172,104.0199966430664,104.0199966430664,12975400,123.3651509140477,180.24426963891875,218.66115845119492
2022-02-18,103.61499786376952,103.88999938964844,96.83000183105467,97.72000122070312,97.72000122070312,20520500,121.35575704863577,178.61494385794308,218.11557907300957
2022-02-22,95.7699966430664,99.4499969482422,93.12999725341795,93.91000366210938,93.91000366210938,16625700,119.46424195260713,176.8902247568195,217.54811125661172
2022-02-23,94.66000366210938,95.1999969482422,88.56999969482422,88.72000122070312,88.72000122070312,18330800,117.80454485344164,175.08932589413075,216.9709438929742
2022-02-24,83.08000183105469,96.16300201416016,82.72000122070312,94.98999786376952,94.98999786376952,31915000,116.29939316258286,173.32292141003555,216.46227437948465
2022-02-25,114.9000015258789,120.6999969482422,109.3000030517578,119.81999969482422,119.81999969482422,64569100,115.64121153860381,171.81067417444808,216.0818022699315
2022-02-28,118.30999755859376,131.9499969482422,118.30999755859376,127.5,127.5,52481700,115.12666621352687,170.37415725193668,215.71227434674046
2022-03-01,126.5500030517578,131.49000549316406,124.36100006103516,126.05999755859376,126.05999755859376,25688200,114.4487875736121,168.81213490346843,215.36411986125896
2022-03-02,124.93000030517578,125.52999877929688,118.76100158691406,124.26000213623048,124.26000213623048,18998500,113.80606032862808,167.36494394366662,214.98399110720393
2022-03-03,123.12999725341795,123.6439971923828,113.08000183105467,114.22000122070312,114.22000122070312,18089100,113.11727257930872,165.70449451918012,214.4997421723067
2022-03-04,116.68000030517578,119.70999908447266,105.06999969482422,106.5199966430664,106.5199966430664,23137800,112.30606055982184,163.94191004720966,213.97188810422185
2022-03-07,107.16999816894533,108.08000183105467,95.41999816894533,97.51000213623048,97.51000213623048,29481400,111.32151517001066,162.19460665242056,213.4034761093205
2022-03-08,96.70999908447266,105.1500015258789,93.3000030517578,100.62000274658205,100.62000274658205,25280900,110.48757587779652,160.38887649707578,212.8203001554432
2022-03-09,103.98999786376952,113.81999969482422,103.38999938964844,111.91999816894533,111.91999816894533,27721900,110.01303031227805,158.78685400459204,212.24862634879835
2022-03-10,110.3499984741211,110.58000183105467,104.63999938964844,108.87000274658205,108.87000274658205,15651100,109.7333334720496,157.14449456032742,211.606995480255
2022-03-11,109.87999725341795,110.68000030517578,101.6999969482422,101.93000030517578,101.93000030517578,13636500,109.26757581306227,155.49191035581438,210.92150194552835
2022-03-14,100.02999877929688,102.06999969482422,92.72000122070312,94.8499984741211,94.8499984741211,22494600,108.64787870464903,153.72078679116925,210.1903860067605
2022-03-15,95.70999908447266,103.88500213623048,94.87000274658205,103.08999633789062,103.08999633789062,17524000,108.40818162397905,152.09865184312457,209.460171351617
2022-03-16,105.55999755859376,116.37899780273438,105.26000213623048,116.0500030517578,116.0500030517578,25527200,108.72363628040661,150.73539339558462,208.84922718490142
2022-03-17,114.77999877929688,128.32000732421875,113.3000030517578,127.95999908447266,127.95999908447266,31316900,109.25636360862039,149.5128090676297,208.26931307551175
2022-03-18,126.69000244140624,142.94000244140625,125.5999984741211,140.63999938964844,140.63999938964844,39354200,109.81242416844223,148.50000008572354,207.77377656601018
2022-03-21,138.36000061035156,139.72999572753906,129.63999938964844,134.82000732421875,134.82000732421875,30703500,110.03090922037761,147.46191020494098,207.29948474409244
2022-03-22,133.66000366210938,146.7899932861328,133.56500244140625,141.7899932861328,141.7899932861328,27938500,110.87181808009292,146.51000007886566,206.8543774191402
2022-03-23,138.8300018310547,142.88999938964844,134.35000610351562,135.39999389648438,135.39999389648438,18069900,111.89909062241063,145.47741570633448,206.38291816547704
2022-03-24,136.42999267578125,137.72999572753906,129.80999755859375,135.05999755859375,135.05999755859375,16790100,112.69272682883523,144.37674147359442,205.91060055581286
2022-03-25,135.50999450683594,136.1999969482422,127.2300033569336,130.3300018310547,130.3300018310547,13467000,113.52666635224314,143.16168530067702,205.4123173333033
2022-03-28,132.0,138.8800048828125,131.73800659179688,138.1199951171875,138.1199951171875,19074000,114.61242375229344,142.1085391098194,204.9073816716927
2022-03-29,141.0,149.0,137.91000366210938,146.83999633789062,146.83999633789062,21939500,115.64272678259647,141.1702243933517,204.44836880925388
2022-03-30,147.00999450683594,147.6199951171875,137.67999267578125,140.10000610351562,140.10000610351562,20231800,116.5869693178119,140.21471885081087,203.95866927773145
2022-03-31,139.52000427246094,140.5,135.47999572753906,135.60000610351562,135.60000610351562,13569600,117.42696958599669,139.36404478951786,203.47729593694467
2022-04-01,136.5,138.41000366210938,131.72999572753906,133.6199951171875,133.6199951171875,15216100,118.09303006258878,138.49966267789347,203.00004266566984
2022-04-04,136.85000610351562,145.5800018310547,135.75,145.19000244140625,145.19000244140625,15632200,119.00151501279889,137.70797738064542,202.57733884492146
2022-04-05,145.0,145.0,134.6999969482422,135.9199981689453,135.9199981689453,15798800,119.81727253306995,136.85224700241946,202.16845470641303
2022-04-06,133.72999572753906,133.9499969482422,124.5999984741211,128.77000427246094,128.77000427246094,21077200,120.56727276426373,135.907303285063,201.72596547531978
2022-04-07,128.0,132.8000030517578,120.11000061035156,125.93000030517578,125.93000030517578,19030600,121.42212122136897,134.98146057128906,201.30523583408078
2022-04-08,124.52999877929688,127.5,122.12000274658205,123.22000122070312,123.22000122070312,13654100,122.31030296556878,134.18056170860032,200.8325748689185
2022-04-11,120.27999877929688,125.7300033569336,118.91999816894533,123.08000183105467,123.08000183105467,12965000,123.35151510527639,133.40449438202248,200.43193113138747
2022-04-12,126.0199966430664,130.88999938964844,121.5,122.88999938964844,122.88999938964844,15351400,124.1969696969697,132.7480899082141,200.01236033951264
2022-04-13,121.4000015258789,126.66000366210938,120.5,126.0500030517578,126.0500030517578,10789100,124.38575767748284,132.14505622092258,199.66635177677793
2022-04-14,126.02999877929688,126.45999908447266,121.12999725341795,121.30999755859376,121.30999755859376,9447500,124.19818184592508,131.37876412038054,199.34094402002162
2022-04-18,120.79000091552734,121.2699966430664,115.8499984741211,119.38999938964844,119.38999938964844,10365000,123.99606068929036,130.53168547555302,198.96128733884623
2022-04-19,119.0,127.1500015258789,118.69000244140624,125.62000274658205,125.62000274658205,10900400,124.03727282899798,129.84483157382923,198.62952770184037
2022-04-20,125.20999908447266,125.20999908447266,114.5,114.5199966430664,114.5199966430664,13309000,124.04636359937263,129.09426965606346,198.24909848716638
2022-04-21,117.0999984741211,119.4800033569336,106.44499969482422,107.70999908447266,107.70999908447266,14430400,124.08242427941525,128.33325838239006,197.8525319570124
2022-04-22,108.11000061035156,109.9499969482422,102.0199966430664,102.66999816894533,102.66999816894533,12495300,124.23878779555812,127.56865160652761,197.41373365017478
2022-04-25,101.87000274658205,108.3000030517578,101.87000274658205,107.37999725341795,107.37999725341795,14059500,124.4436361139471,126.82235940654625,197.016180013894
2022-04-26,105.64299774169922,105.64299774169922,99.8249969482422,100.47000122070312,100.47000122070312,12854500,124.0966665094549,126.08741554517424,196.542016942102
2022-04-27,98.68000030517578,103.96800231933594,98.06999969482422,99.93000030517578,99.93000030517578,14308600,123.8257573445638,125.33314591311337,196.04300408097296
2022-04-28,101.54000091552734,106.0,97.38999938964844,104.63999938964844,104.63999938964844,16650900,123.90787852894177,124.73022452365147,195.53785387947835
2022-04-29,103.63999938964844,110.44000244140624,99.31999969482422,99.54000091552734,99.54000091552734,13448800,124.04999981504498,123.9332582280877,195.0169955405043
2022-05-02,98.3000030517578,105.97000122070312,97.2699966430664,105.86000061035156,105.86000061035156,14661700,124.13393933845289,123.24202222502633,194.51630882950812
2022-05-03,104.16000366210938,108.0,100.4800033569336,102.33000183105467,102.33000183105467,14675900,123.71818172570431,122.50741542859024,194.00291829252447
2022-05-04,102.25,107.20999908447266,93.6500015258789,106.79000091552734,106.79000091552734,25333900,123.07666662967566,121.81426941946651,193.51527879575804
2022-05-05,103.51000213623048,104.13999938964844,93.12000274658205,95.5500030517578,95.5500030517578,22914500,121.71030310428503,121.04887621590261,193.01793978449612
2022-05-06,98.66999816894533,98.68000030517578,88.55699920654297,96.19000244140624,96.19000244140624,36801900,120.53969689571497,120.31112336576655,192.51364793900257
2022-05-09,93.05999755859376,93.96900177001952,80.81999969482422,83.86000061035156,83.86000061035156,31319600,118.78424257220644,119.3956177957942,191.94244623798158
2022-05-10,87.29000091552734,91.46499633789062,80.38999938964844,84.38999938964844,84.38999938964844,25789600,117.23848516290838,118.52910099672468,191.38566514043848
2022-05-11,82.97000122070312,85.1500015258789,70.33000183105469,71.22000122070312,71.22000122070312,39549300,115.30393981933594,117.48629203539217,190.78914151171247
2022-05-12,68.79000091552734,78.13999938964844,65.0999984741211,75.76000213623047,75.76000213623047,35208100,113.65030346494733,116.58101113994469,190.18236040762054
2022-05-13,80.37000274658203,85.2300033569336,80.12999725341797,84.1500015258789,84.1500015258789,28356500,112.01484911369555,115.91426952233475,189.6021458376119
2022-05-16,82.2699966430664,84.69000244140625,79.30999755859375,79.69999694824219,79.69999694824219,18879600,109.9803036776456,115.1843818064486,188.95300420671063
2022-05-17,82.5,85.55999755859375,78.87999725341797,84.79000091552734,84.79000091552734,21675600,108.30424291437322,114.54674144273393,188.33944197888027
2022-05-18,82.7300033569336,89.09600067138672,81.4800033569336,82.05999755859375,82.05999755859375,24811400,106.68181841301195,113.84539314870084,187.72549346792852
2022-05-19,82.9000015258789,89.91899871826172,82.08499908447266,87.13999938964844,87.13999938964844,24086900,105.27333369399562,113.1567415387443,187.08605138426685
2022-05-20,88.01000213623047,90.25,78.89199829101562,83.44000244140625,83.44000244140625,22714300,103.4021215727835,112.45977526032523,186.42678099538125
2022-05-23,83.81999969482422,84.1500015258789,79.05000305175781,83.4000015258789,83.4000015258789,19684100,101.81060652299361,111.85808991850092,185.78090117622344
2022-05-24,81.4000015258789,81.62000274658203,74.16000366210938,75.87999725341797,75.87999725341797,20583900,100.20787903756806,111.21303378330188,185.0938196141321
2022-05-25,75.80000305175781,78.94999694824219,74.30999755859375,77.94999694824219,77.94999694824219,17738200,98.7539395419034,110.6282022883383,184.40390545104194
2022-05-26,75.56999969482422,83.86000061035156,74.76000213623047,83.41000366210938,83.41000366210938,16587500,97.54757597952178,110.12561806668056,183.7140342483193
2022-05-27,84.29000091552734,90.98999786376952,83.5,90.5199966430664,90.5199966430664,19837500,96.56090915564334,109.70921351400654,183.07274666978566
2022-05-31,90.0,90.5999984741211,85.80000305175781,87.51000213623047,87.51000213623047,19307200,95.48878802675189,109.3655056899853,182.38995695318786
2022-06-01,87.3499984741211,89.21099853515625,81.35299682617188,81.91000366210938,81.91000366210938,20519200,94.15121228767164,108.96786524740497,181.6733904662562
2022-06-02,81.5199966430664,88.8489990234375,81.4000015258789,87.44000244140625,87.44000244140625,19120000,93.12484879927202,108.65483153268192,181.00231750226328
2022-06-03,85.36000061035156,86.66999816894531,82.66000366210938,83.0999984741211,83.0999984741211,13965900,92.0251518018318,108.3413483694698,180.3209869974161
2022-06-06,84.86000061035156,87.08999633789062,81.94999694824219,83.37999725341797,83.37999725341797,13972700,90.74515163537228,108.09123598591665,179.64416294343482
2022-06-07,81.87999725341797,85.19999694824219,80.25,84.5999984741211,84.5999984741211,14313300,89.83848502419211,107.80157307828411,178.9484547954772
2022-06-08,84.5999984741211,87.55000305175781,83.87000274658203,84.75,84.75,12757300,89.1427274761778,107.37977531518828,178.26223162213108
2022-06-09,84.62999725341797,84.95999908447266,76.48999786376953,76.58000183105469,76.58000183105469,19594300,88.35212152654475,106.8064045423872,177.5784548321507
2022-06-10,75.86000061035156,76.23999786376953,70.2300033569336,71.87000274658203,71.87000274658203,21288000,87.27606108694366,106.33258433824174,176.8487552757427
2022-06-13,66.16000366210938,68.77999877929688,62.5,62.7599983215332,62.7599983215332,26455800,86.13333372636275,105.89730342050616,176.07369086466122
2022-06-14,63.52000045776367,63.68999862670898,59.45000076293945,60.29999923706055,60.29999923706055,23258500,84.93242460308653,105.35157304399469,175.2963089185723
2022-06-15,61.16999816894531,64.427001953125,60.470001220703125,62.90999984741211,62.90999984741211,24356700,83.6678791624127,104.90325846297017,174.54055784495603
2022-06-16,60.41999816894531,61.13999938964844,56.72299957275391,57.5099983215332,57.5099983215332,22705200,82.39424272017045,104.40011236640845,173.77811147010377
2022-06-17,56.209999084472656,59.45000076293945,56.0099983215332,58.5099983215332,58.5099983215332,21814800,80.95939416596384,103.78966295049432,173.00982818276074
2022-06-21,59.720001220703125,62.61399841308594,59.45000076293945,60.52000045776367,60.52000045776367,17100100,79.69242442737927,103.24561798438597,172.2666092901271
2022-06-22,59.43000030517578,62.880001068115234,59.2400016784668,60.650001525878906,60.650001525878906,15082400,78.29424262769294,102.71494387508778,171.4690985618231
2022-06-23,61.40999984741211,67.62999725341797,60.79999923706055,67.2699966430664,67.2699966430664,23240200,77.43727273652048,102.2164045183846,170.65373374054872
2022-06-24,68.22000122070312,71.01000213623047,66.83000183105469,71.0,71.0,23357200,76.67393932920514,101.71966295563773,169.84004276914146
2022-06-27,70.79000091552734,71.75,66.94999694824219,69.43000030517578,69.43000030517578,14687400,76.23666659268466,101.27505621749364,169.00497839276883
2022-06-28,69.0999984741211,70.19999694824219,64.80999755859375,65.5999984741211,65.5999984741211,14795000,75.66727262554747,100.84337084480886,168.16210289165187
2022-06-29,64.7699966430664,65.72200012207031,62.40999984741211,63.84000015258789,63.84000015258789,13450900,75.44363622954397,100.46269667550419,167.35570806085806
2022-06-30,62.75,63.0,59.08000183105469,61.459999084472656,61.459999084472656,16793100,75.01030280373313,100.09808988249704,166.5095707807418
2022-07-01,61.95000076293945,65.13999938964844,61.86000061035156,63.900001525878906,63.900001525878906,15218100,74.39666644009677,99.8192134814316,165.68819740197176
2022-07-05,61.84000015258789,66.91000366210938,60.34999847412109,66.7300033569336,66.7300033569336,14496500,74.00363633126923,99.5016854532649,164.91339057300223
2022-07-06,66.5999984741211,68.47000122070312,64.27999877929688,64.97000122070312,64.97000122070312,11788100,73.40303027991092,98.88539333557814,164.0232188834653
2022-07-07,65.12999725341797,69.58000183105469,64.51000213623047,68.62999725341797,68.62999725341797,13885200,72.99606057369348,98.22393263056037,163.161158827753
2022-07-08,66.80000305175781,68.97000122070312,64.75,67.0199966430664,67.0199966430664,16403200,72.38636352076675,97.5605618337567,162.30536476429953
2022-07-11,66.1500015258789,66.87999725341797,63.04999923706055,63.22999954223633,63.22999954223633,11140700,71.77393919048887,96.87483146753203,161.36725318483016
2022-07-12,63.959999084472656,66.53600311279297,63.130001068115234,65.02999877929688,65.02999877929688,14386700,71.21727244059245,96.32213481088702,160.46566517056314
2022-07-13,62.20000076293945,65.61000061035156,60.81999969482422,64.1500015258789,64.1500015258789,13548800,70.86181802460642,95.84606745001975,159.5404290784582
2022-07-14,63.27000045776367,63.75,61.040000915527344,62.41999816894531,62.41999816894531,11377100,70.39121200099136,95.45179774252216,158.63630895655555
2022-07-15,64.19000244140625,66.04000091552734,62.70000076293945,65.9800033569336,65.9800033569336,12267200,69.8630301735618,95.06258426623398,157.75600855749565
2022-07-18,67.87999725341797,69.58999633789062,65.83000183105469,66.2699966430664,66.2699966430664,14204900,69.12818168871331,94.54966290077466,156.8876823785479
2022-07-19,66.94000244140625,69.30799865722656,64.26499938964844,69.25,69.25,16120400,68.57484829064572,94.10449433058835,156.03519308720536
2022-07-20,70.0,75.23999786376953,69.22000122070312,74.77999877929688,74.77999877929688,18594300,68.3587875366211,93.79943813366836,155.22566521116593
2022-07-21,73.30999755859375,75.16999816894531,72.16999816894531,74.76000213623047,74.76000213623047,14683000,67.97454510313092,93.573707837737,154.4268669161162
2022-07-22,74.66000366210938,76.44000244140625,70.95999908447266,71.80000305175781,71.80000305175781,12130100,67.63212099942294,93.22213487946586,153.6206008190761
2022-07-25,72.04000091552734,72.47000122070312,69.5999984741211,71.43000030517578,71.43000030517578,9267700,67.26999987977923,92.72078653399863,152.8226608800274
2022-07-26,69.08999633789062,69.2300033569336,65.9000015258789,66.38999938964844,66.38999938964844,10924100,66.71818172570431,92.02898878461859,151.97862659503463
2022-07-27,68.45999908447266,72.94000244140625,67.5999984741211,72.76000213623047,72.76000213623047,13865400,66.35484845710523,91.26629218626559,151.13021457655748
2022-07-28,73.04000091552734,75.16000366210938,70.51000213623047,74.68000030517578,74.68000030517578,11281600,66.29727265329072,90.59056177032127,150.291201644701
2022-07-29,73.2300033569336,76.08999633789062,72.7249984741211,76.05999755859375,76.05999755859375,10554300,66.42424219304866,89.85202249248375,149.46927027231635
2022-08-01,75.4800033569336,79.05000305175781,74.44999694824219,77.80999755859375,77.80999755859375,11563100,66.88030277598988,89.20494388194567,148.67819727950854
2022-08-02,76.62000274658203,80.7699966430664,76.36000061035156,79.08999633789062,79.08999633789062,12648900,67.44969662753019,88.57606746373551,147.867381771235
2022-08-03,81.02999877929688,88.83000183105469,80.69999694824219,88.06999969482422,88.06999969482422,26179500,68.21212086533055,88.10123597905877,147.07832591830405
2022-08-04,88.1500015258789,90.66999816894533,86.83000183105469,89.69999694824219,89.69999694824219,22719400,69.18757536917022,87.5571910558122,146.31278939308527
2022-08-05,83.6500015258789,93.19000244140624,82.87799835205078,87.7300033569336,87.7300033569336,31022600,70.07303006721266,86.89303383130705,145.53802545899487
2022-08-08,88.05000305175781,91.8000030517578,84.87000274658203,85.5,85.5,19001500,70.82999975031072,86.27955061666081,144.76360484765834
2022-08-09,84.18000030517578,84.87000274658203,79.94999694824219,81.12999725341797,81.12999725341797,13287000,71.45060568144827,85.6675280453114,143.95411989924222
2022-08-10,86.76000213623047,89.02999877929688,84.41999816894531,88.83999633789062,88.83999633789062,16527800,72.10424203583689,85.16438199161144,143.1945062072492
2022-08-11,90.87000274658205,92.0999984741211,85.36000061035156,85.98999786376953,85.98999786376953,15075900,72.55848439534505,84.49921340085147,142.470343102713
2022-08-12,88.01000213623047,88.62999725341797,85.01000213623047,87.94999694824219,87.94999694824219,10433200,73.1196964148319,83.96022462309077,141.76824011413837
2022-08-15,87.72000122070312,89.19400024414062,86.0199966430664,86.72000122070312,86.72000122070312,9905200,73.75969649806167,83.48775267868899,141.07648048892042
2022-08-16,86.2300033569336,87.0999984741211,82.06999969482422,85.87999725341797,85.87999725341797,12198000,74.42757519808683,83.03775264439957,140.38635175320212
2022-08-17,83.52999877929688,84.44000244140625,79.93000030517578,80.33000183105469,80.33000183105469,15368500,74.99939346313477,82.5558425388979,139.67081526727637
2022-08-18,80.44000244140625,80.55000305175781,78.2699966430664,79.72000122070312,79.72000122070312,11799700,75.47878739328095,82.06865152080407,138.94515002336624
2022-08-19,77.4000015258789,77.87999725341797,73.87999725341797,74.36000061035156,74.36000061035156,13024100,75.70999943126331,81.52337063564343,138.16948480565148
2022-08-22,72.37000274658203,75.5199966430664,71.33000183105469,73.01000213623047,73.01000213623047,13297400,75.95363582264294,80.92741556917683,137.38502132432143
2022-08-23,72.5199966430664,74.20999908447266,70.8499984741211,70.94000244140625,70.94000244140625,12146500,76.0236359798547,80.36146056786012,136.61553637459554
2022-08-24,71.54000091552734,74.63999938964844,71.37000274658203,72.62000274658203,72.62000274658203,9751400,76.19333313450669,79.83595498760094,135.84866942049607
2022-08-25,73.1500015258789,74.7699966430664,72.11000061035156,74.62999725341797,74.62999725341797,8979200,76.5387876106031,79.2630335775654,135.04849770345402
2022-08-26,74.31999969482422,74.3499984741211,68.76000213623047,68.87000274658203,68.87000274658203,13750100,76.6551513671875,78.75011229782962,134.19935607910156
2022-08-29,67.58999633789062,69.98999786376953,67.33999633789062,67.75,67.75,9590900,76.76424223003966,78.3011235440715,133.36351916923033
2022-08-30,68.5999984741211,70.12999725341797,66.69000244140625,69.05000305175781,69.05000305175781,11902000,76.96515146891277,77.92337078994579,132.55210293618396
2022-08-31,70.58999633789062,71.75199890136719,68.41000366210938,68.91000366210938,68.91000366210938,10039200,77.05393935694839,77.49112367094233,131.80622313667266
2022-09-01,67.43000030517578,68.78500366210938,65.02999877929688,68.75,68.75,11949600,77.12909097382517,77.13471916284453,131.0882403328695
2022-09-02,69.83000183105469,70.06999969482422,65.9000015258789,66.33000183105469,66.33000183105469,12389900,77.04060618082683,76.7571910901016,130.34356224485734
2022-09-06,66.05999755859375,66.37999725341797,63.650001525878906,65.30000305175781,65.30000305175781,12852700,76.75333358302261,76.3151686593388,129.59682408934498
2022-09-07,65.37999725341797,67.94000244140625,64.5999984741211,67.81999969482422,67.81999969482422,10955500,76.54303047873758,75.958764151241,128.91686700649015
2022-09-08,66.18000030517578,70.62999725341797,65.93000030517578,70.58999633789062,70.58999633789062,9406300,76.50636360862039,75.56247196840437,128.20703868292944
2022-09-09,71.62000274658203,74.7300033569336,71.62000274658203,74.29000091552734,74.29000091552734,12325300,76.59303029378255,75.24741577834226,127.49961381511115
2022-09-12,75.20999908447266,76.71399688720703,73.91000366210938,75.25,75.25,10257400,76.8615151607629,74.89303374558352,126.75321894960854
2022-09-13,70.06999969482422,71.375,69.25,69.58000183105469,69.58000183105469,12943200,76.76515151515152,74.60123597905877,126.02828331157373
2022-09-14,66.69999694824219,68.70999908447266,65.5999984741211,68.55999755859375,68.55999755859375,19270200,76.57969688646722,74.29078648599346,125.3254077567563
2022-09-15,66.44000244140625,71.55000305175781,66.44000244140625,69.18000030517578,69.18000030517578,18009100,76.37121212121212,74.1258426623398,124.6033905749669
2022-09-16,67.08999633789062,67.16500091552734,64.75,64.88999938964844,64.88999938964844,15775300,75.97969702518347,73.9067415387443,123.84012878810898
2022-09-19,64.30000305175781,65.19999694824219,63.0099983215332,63.709999084472656,63.709999084472656,13219600,75.51363650235263,73.8223594922698,123.0517167512951
2022-09-20,62.970001220703125,63.69900131225586,61.400001525878906,61.470001220703125,61.470001220703125,13407700,74.70757594253078,73.66179768423017,122.24686697112644
2022-09-21,61.36000061035156,63.5099983215332,59.45000076293945,59.45000076293945,59.45000076293945,14568700,73.790909391461,73.38426958577017,121.41961376861441
2022-09-22,58.470001220703125,58.97999954223633,55.02000045776367,55.93000030517578,55.93000030517578,20937000,72.82727293534712,73.11719097180313,120.56776826064474
2022-09-23,55.0,56.97999954223633,54.43000030517578,56.27000045776367,56.27000045776367,14897600,71.94151537346117,72.79674152845747,119.71334763555568
2022-09-26,56.220001220703125,57.7400016784668,54.130001068115234,54.13999938964844,54.13999938964844,12473000,71.12363665031664,72.48303368386257,118.80802580215389
2022-09-27,55.54999923706055,56.84999847412109,53.900001525878906,55.08000183105469,55.08000183105469,11592900,70.10060651374586,72.12280899219299,117.95832624967518
2022-09-28,55.060001373291016,59.2400016784668,54.869998931884766,59.06999969482422,59.06999969482422,14669500,69.28484899347478,71.8489887366134,117.08738204235682
2022-09-29,57.47999954223633,57.47999954223633,55.34000015258789,55.900001525878906,55.900001525878906,13288800,68.31363701097894,71.53999997256847,116.19686696457761
2022-09-30,55.619998931884766,58.02000045776367,54.88999938964844,54.9900016784668,54.9900016784668,13401300,67.3521218733354,71.30528092116452,115.34695279035445
2022-10-03,55.150001525878906,56.52999877929688,53.709999084472656,55.77999877929688,55.77999877929688,15203000,66.44000070745295,71.05617981814267,114.46476400154343
2022-10-04,58.275001525878906,63.13999938964844,58.150001525878906,62.40999984741211,62.40999984741211,22480800,65.89697034431227,70.82022471910112,113.64034340003018
2022-10-05,60.70000076293945,62.709999084472656,59.88999938964844,62.150001525878906,62.150001525878906,10667400,65.36454611113577,70.50146072902037,112.81248935814068
2022-10-06,61.790000915527344,63.43999862670898,61.290000915527344,61.93000030517578,61.93000030517578,8298400,64.98787943522136,70.21404497810964,112.00957092809062
2022-10-07,59.86000061035156,60.45000076293945,56.88999938964844,57.40999984741211,57.40999984741211,11232000,64.51515209313595,69.93876403637147,111.1723606453433
2022-10-10,57.41999816894531,57.880001068115234,55.52000045776367,56.619998931884766,56.619998931884766,9657400,64.08121259284742,69.59247186210717,110.35330481795282
2022-10-11,56.220001220703125,56.3390007019043,52.66999816894531,53.45000076293945,53.45000076293945,18196200,63.500303441827946,69.2593258204085,109.56390565864007
2022-10-12,53.59000015258789,56.54999923706055,52.43000030517578,56.13999938964844,56.13999938964844,16651700,62.94000047625917,68.95325842868077,108.78866958618164
2022-10-13,53.02999877929688,56.59099960327149,51.88999938964844,56.22999954223633,56.22999954223633,18321800,62.556970076127485,68.63449439573824,108.03952795855477
2022-10-14,57.0,58.27999877929688,51.45000076293945,51.5099983215332,51.5099983215332,16278100,62.06484881314364,68.26101123081165,107.28545066931729
2022-10-17,53.59999847412109,56.77000045776367,53.34999847412109,55.91999816894531,55.91999816894531,15378400,61.66696987730084,68.02887635820368,106.55330476228771
2022-10-18,58.93000030517578,59.7400016784668,55.5099983215332,57.27000045776367,57.27000045776367,15248900,61.31424250747218,67.86483138866639,105.8235622618843
2022-10-19,56.54999923706055,56.54999923706055,53.4900016784668,53.93999862670898,53.93999862670898,13618100,60.86545458706942,67.76573026849982,105.05497854666649
2022-10-20,53.95000076293945,57.63999938964844,53.65999984741211,55.18000030517578,55.18000030517578,12554800,60.52757575295188,67.70820219061348,104.26832618222217
2022-10-21,54.0,56.33000183105469,52.34000015258789,55.9900016784668,55.9900016784668,13987700,60.24545449921579,67.63044940219837,103.51356221473269
2022-10-24,55.619998931884766,57.709999084472656,53.970001220703125,56.9900016784668,56.9900016784668,12593800,59.91727274114435,67.6246067432875,102.7695278609771
2022-10-25,56.959999084472656,60.31999969482422,56.959999084472656,59.65999984741211,59.65999984741211,12990600,59.58606072628137,67.63752810874682,102.05931327066708
2022-10-26,58.2400016784668,62.47999954223633,57.970001220703125,59.470001220703125,59.470001220703125,12535300,59.13696982643821,67.62573036451018,101.4076394666418
2022-10-27,60.22999954223633,61.93000030517578,59.52000045776367,60.2599983215332,60.2599983215332,9601800,58.682727351333156,67.62134830603439,100.76261798711293
2022-10-28,59.61000061035156,61.32500076293945,58.77000045776367,61.290000915527344,61.290000915527344,10612200,58.43151520237778,67.5541573428036,100.10012874685133
2022-10-31,61.25,61.93999862670898,59.869998931884766,60.06999969482422,60.06999969482422,10545300,58.17424253983931,67.43134835061062,99.44772530420656
2022-11-01,62.27999877929688,62.83000183105469,58.625,59.0,59.0,12013900,57.86575768210671,67.31415733594572,98.78733905906842
2022-11-02,58.63999938964844,59.560001373291016,54.5099983215332,54.63999938964844,54.63999938964844,15357900,57.55515162150065,67.19101127881682,98.1277253146847
2022-11-03,53.400001525878906,55.09999847412109,51.34000015258789,53.90999984741211,53.90999984741211,20802100,57.25818194765033,67.07943824168002,97.5243347560899
2022-11-04,60.34999847412109,63.70000076293945,57.65999984741211,60.11000061035156,60.11000061035156,44563400,57.21696980794271,67.06426971949888,96.95763950593482
2022-11-07,62.16999816894531,64.75,61.369998931884766,62.66999816894531,62.66999816894531,22867900,57.314545486912586,67.05044945706142,96.44845495919813
2022-11-08,63.18999862670898,65.80000305175781,60.15999984741211,62.5099983215332,62.5099983215332,26565400,57.51393936619614,67.00303367014682,95.94540773645491
2022-11-09,60.39500045776367,60.47999954223633,57.09000015258789,57.209999084472656,57.209999084472656,18952000,57.54242417306611,66.91584263490827,95.37759659730314
2022-11-10,63.09000015258789,68.58499908447266,63.09000015258789,67.4000015258789,67.4000015258789,28630300,57.94424241961855,66.90202245819435,94.83090133012108
2022-11-11,65.08999633789062,72.43000030517578,64.37000274658203,71.66000366210938,71.66000366210938,21128100,58.4466667175293,66.95415736852067,94.33695284798422
2022-11-14,70.25,72.3499984741211,69.44000244140625,70.2699966430664,70.2699966430664,11823300,58.78606056444573,67.03325845954123,93.86034336008227
2022-11-15,74.7699966430664,75.7699966430664,72.0199966430664,73.37999725341797,73.37999725341797,13335400,59.31575740467418,67.12707866711563,93.42231758674328
2022-11-16,71.62999725341797,72.91999816894531,68.61499786376953,69.55000305175781,69.55000305175781,11779600,59.75696956750119,67.18775284156371,92.98811158601818
2022-11-17,67.0199966430664,68.91999816894531,66.29000091552734,67.98999786376953,67.98999786376953,9264400,60.12696953975793,67.25033710779769,92.53399139207832
2022-11-18,69.04000091552734,69.31999969482422,65.13500213623047,65.81999969482422,65.81999969482422,9734600,60.23030286846739,67.2485393138414,92.10454930972644
2022-11-21,64.5999984741211,64.94000244140625,60.79999923706055,61.84999847412109,61.84999847412109,12252700,60.22121186689897,67.19887641306674,91.65300424927806
2022-11-22,61.52999877929688,63.06999969482422,60.09999847412109,62.720001220703125,62.720001220703125,9000500,60.24515128858162,67.12550564026564,91.24278964914477
2022-11-23,62.63999938964844,64.26000213623047,61.91999816894531,63.91999816894531,63.91999816894531,8190000,60.44242396499171,67.00348316149766,90.78549349870805
2022-11-25,63.9900016784668,63.9900016784668,62.50899887084961,63.380001068115234,63.380001068115234,4168800,60.64727251457445,66.87561798095703,90.33914155100548
2022-11-28,61.90999984741211,63.83000183105469,61.119998931884766,61.369998931884766,61.369998931884766,7239900,60.88727245908795,66.75842692343036,89.88274666782101
2022-11-29,62.06999969482422,63.88999938964844,61.72999954223633,62.11000061035156,62.11000061035156,8219900,61.06818158698805,66.65370782573571,89.42622308362706
2022-11-30,62.09999847412109,68.0,61.85200119018555,67.7699966430664,67.7699966430664,14298600,61.41787846883138,66.66921341285277,89.01463509424562
2022-12-01,68.0199966430664,69.23999786376953,66.66000366210938,69.16999816894531,69.16999816894531,9430000,61.95302997935902,66.62887628962484,88.61686681984831
2022-12-02,67.2699966430664,68.94000244140625,66.62000274658203,68.18000030517578,68.18000030517578,7721100,62.32454519560843,66.55584258175968,88.19987112872079
2022-12-05,67.4000015258789,67.86000061035156,62.400001525878906,63.13999938964844,63.13999938964844,12610900,62.502423951120086,66.41067406300748,87.77768230847535
2022-12-06,63.119998931884766,63.87900161743164,60.20000076293945,61.29999923706055,61.29999923706055,9408900,62.72545427264589,66.22516846388913,87.33678102288636
2022-12-07,60.83000183105469,61.84999847412109,59.625,61.06999969482422,61.06999969482422,8734800,62.90393910263524,66.02269659149513,86.92793981200124
2022-12-08,61.59999847412109,63.70000076293945,60.5,63.369998931884766,63.369998931884766,7849800,63.127575383041844,65.74516849303514,86.58407712289704
2022-12-09,63.09999847412109,65.83000183105469,63.09999847412109,64.5999984741211,64.5999984741211,8418100,63.35818134654652,65.46314603826973,86.2404719504164
2022-12-12,63.790000915527344,66.71299743652344,63.36000061035156,66.19999694824219,66.19999694824219,9126600,63.5563630768747,65.22123585390241,85.91712432664863
2022-12-13,70.37000274658203,72.37000274658203,68.80000305175781,71.02999877929688,71.02999877929688,15385200,63.90666603319573,65.05865157052372,85.60188828824415
2022-12-14,71.06999969482422,72.47000122070312,69.63999938964844,71.25,71.25,10557800,64.23969638708866,64.94764036542914,85.27064368448544
2022-12-15,68.48999786376953,69.3499984741211,65.43000030517578,65.88999938964844,65.88999938964844,9277800,64.37909028024384,64.68977523117923,84.92909861224915
2022-12-16,64.9800033569336,65.16999816894531,60.709999084472656,62.5099983215332,62.5099983215332,18776800,64.45302963256836,64.42595501160353,84.60961363960233
2022-12-19,62.2400016784668,62.400001525878906,59.98500061035156,60.43999862670898,60.43999862670898,9310100,64.49666595458984,64.1168539068672,84.29695271831726
2022-12-20,59.34000015258789,61.869998931884766,58.900001525878906,61.40999984741211,61.40999984741211,8766500,64.70181748361298,63.832471868965065,84.00257503525894
2022-12-21,61.7400016784668,63.33000183105469,60.630001068115234,62.58000183105469,62.58000183105469,7847500,64.96454481645064,63.5706741675902,83.72120165517913
2022-12-22,61.20000076293945,61.20000076293945,58.619998931884766,60.59000015258789,60.59000015258789,9740200,64.97909025712447,63.34887639592203,83.43369091836168
2022-12-23,59.875,60.93999862670898,58.81999969482422,60.88999938964844,60.88999938964844,7281800,64.92515090017608,63.13730334164052,83.18815444160428
2022-12-27,60.20500183105469,61.060001373291016,58.34000015258789,59.86000061035156,59.86000061035156,8572400,64.84484793923117,62.974381993325906,82.94163082597593
2022-12-28,59.0,60.2400016784668,58.400001525878906,59.08000183105469,59.08000183105469,7563200,64.90151468912761,62.81786513596438,82.7003432670888
2022-12-29,60.0,63.470001220703125,59.900001525878906,62.91999816894531,62.91999816894531,9995100,64.76575701164477,62.72775272840864,82.49399132789972
2022-12-30,61.04999923706055,63.09999847412109,60.79999923706055,62.84000015258789,62.84000015258789,8014400,64.4984841780229,62.6178650588132,82.31030034404968
2023-01-03,66.30000305175781,67.5,62.50199890136719,64.63999938964844,64.63999938964844,16416500,64.32787820064661,62.505617891804555,82.11399134034251
2023-01-04,65.79000091552734,68.12000274658203,64.77999877929688,66.30000305175781,66.30000305175781,11749500,64.11333292180842,62.476741490739116,81.87369092032633
2023-01-05,64.8499984741211,65.55999755859375,63.01900100708008,64.70999908447266,64.70999908447266,11336200,63.966666134920985,62.44258417708151,81.60373383223244
2023-01-06,65.27999877929688,69.5,63.36000061035156,68.98999786376953,68.98999786376953,15529600,63.996969165224016,62.44190996148613,81.41038617964978
2023-01-09,69.69999694824219,70.61000061035156,68.44000244140625,69.05999755859375,69.05999755859375,12987600,64.09515091867158,62.44359528616573,81.27115870136048
2023-01-10,68.67500305175781,70.19000244140625,67.66000366210938,70.02999877929688,70.02999877929688,9056300,64.34302971579812,62.457977294921875,81.10446340536355
2023-01-11,70.95999908447266,71.88999938964844,70.0199966430664,71.66999816894531,71.66999816894531,9034300,64.61424174453273,62.51797725377458,80.97081533931356
2023-01-12,71.87999725341797,72.11000061035156,68.11000061035156,71.80000305175781,71.80000305175781,11852600,64.85302977128462,62.591010961639746,80.83995697938322
2023-01-13,69.80999755859375,71.98999786376953,69.51000213623047,71.6500015258789,71.6500015258789,9344700,65.10363584576231,62.63404469007856,80.66317588576943
2023-01-17,72.36000061035156,75.20999908447266,71.7300033569336,75.0999984741211,75.0999984741211,14314400,65.5196964379513,62.684718871384526,80.5179398172403
2023-01-18,75.29000091552734,76.22000122070312,72.06999969482422,72.11000061035156,72.11000061035156,12147200,65.8227267409816,62.660224485933114,80.36442051834302
2023-01-19,70.80000305175781,71.79000091552734,69.23500061035156,70.94000244140625,70.94000244140625,12051300,65.91878752274947,62.611797547072506,80.18974241985272
2023-01-20,71.69999694824219,76.19000244140625,71.04000091552734,76.16000366210938,76.16000366210938,12798400,66.13060587102717,62.68573015191582,80.02214587297563
2023-01-23,76.83999633789062,81.66999816894531,76.72000122070312,81.66000366210938,81.66000366210938,16814100,66.53909082123728,62.8329212317306,79.90480683289884
2023-01-24,80.16000366210938,82.7300033569336,79.51000213623047,80.79000091552734,80.79000091552734,12152100,67.07393935232452,62.96337067679073,79.80510728042013
2023-01-25,77.0,81.04000091552734,74.7699966430664,80.7699966430664,80.7699966430664,17119400,67.66393927371863,63.14179761222239,79.73236047965774
2023-01-26,83.02999877929688,83.91000366210938,78.32099914550781,81.19000244140625,81.19000244140625,13296800,68.27363632664536,63.33820214432277,79.67776819974056
2023-01-27,80.69000244140625,85.5,80.66999816894531,83.83000183105469,83.83000183105469,15424800,68.893636414499,63.589438106236834,79.65678107789658
2023-01-30,81.93000030517578,83.23999786376953,79.63999938964844,79.79000091552734,79.79000091552734,10482600,69.35393951878403,63.817977433794,79.5915450394921
2023-01-31,80.87999725341797,82.31999969482422,80.19999694824219,81.72000122070312,81.72000122070312,8801900,69.82424267855558,64.1077527249797,79.42802573273622
2023-02-01,82.06999969482422,84.75499725341797,80.05999755859375,83.9000015258789,83.9000015258789,11087200,70.21424276178533,64.41820217518324,79.24090127576574
2023-02-02,86.80000305175781,89.97000122070312,86.22000122070312,88.41000366210938,88.41000366210938,13349900,70.73424287275834,64.8032584029637,79.07931331912847
2023-02-03,84.9000015258789,87.9800033569336,84.25,84.70999908447266,84.70999908447266,12679100,71.30454589381362,65.13617972041784,78.90957081676041
2023-02-06,82.69000244140625,83.6989974975586,81.30999755859375,82.55000305175781,82.55000305175781,8593500,71.91181876442649,65.39999998285529,78.7736480778379
2023-02-07,82.08000183105469,83.8550033569336,80.66000366210938,83.18000030517578,83.18000030517578,9804500,72.60090972438003,65.7065168230721,78.67347641973537
2023-02-08,82.9000015258789,84.29000091552734,81.12000274658203,81.12999725341797,81.12999725341797,7213400,73.1984854033499,66.000224638521,78.60317596959453
2023-02-09,81.3499984741211,82.08000183105469,75.5999984741211,76.18000030517578,76.18000030517578,17350900,73.61060656923236,66.22943813881177,78.49828325525374
2023-02-10,75.0999984741211,76.01100158691406,74.13999938964844,75.2300033569336,75.2300033569336,11274100,74.05424302997011,66.37348312206483,78.34081546636098
2023-02-13,75.51000213623047,77.56800079345703,74.73999786376953,76.81999969482422,76.81999969482422,9590500,74.53697031194514,66.53831456216534,78.20326180519464
2023-02-14,76.04000091552734,79.44999694824219,75.55000305175781,78.80000305175781,78.80000305175781,9780900,75.11090977986653,66.72786515482356,78.10399143071645
2023-02-15,78.69999694824219,82.69999694824219,78.52999877929688,82.69000244140625,82.69000244140625,10064300,75.82636434381658,67.01191012778979,78.05180260654171
2023-02-16,80.2699966430664,81.33000183105469,78.5,78.62999725341797,78.62999725341797,9541500,76.30242492213394,67.25921347971713,77.94682406969848
2023-02-17,76.97000122070312,77.02999877929688,74.16999816894531,75.0199966430664,75.0199966430664,11261600,76.6715157248757,67.50157298398821,77.77072962159251
2023-02-21,73.08999633789062,74.48999786376953,71.91999816894531,71.94999694824219,71.94999694824219,7855200,76.89303080240886,67.67921340599489,77.53034334632972
2023-02-22,72.72000122070312,73.68000030517578,71.80000305175781,72.94000244140625,72.94000244140625,10562100,77.09424290512547,67.8669662475586,77.23978541951323
2023-02-23,74.2699966430664,74.88999938964844,71.83999633789062,74.1500015258789,74.1500015258789,22855200,77.3803035851681,68.12134830603439,76.97939912853323
2023-02-24,77.47000122070312,78.0199966430664,73.5199966430664,77.36000061035156,77.36000061035156,43473200,77.6339400320342,68.36224720987042,76.70287555481742
2023-02-27,77.29000091552734,77.7300033569336,74.86000061035156,75.13999938964844,75.13999938964844,18197400,77.81818251176314,68.56303371472305,76.44424896895119
2023-02-28,75.33000183105469,78.0199966430664,74.5199966430664,76.7300033569336,76.7300033569336,13187300,78.0212129535097,68.81910118360197,76.19390564619728
2023-03-01,76.30999755859375,76.7300033569336,74.6500015258789,76.62999725341797,76.62999725341797,10075900,78.17151595606948,69.06011238526762,75.96343352354647
2023-03-02,75.44000244140625,78.58999633789062,74.54499816894531,78.04000091552734,78.04000091552734,10115600,78.36060680042614,69.30786518568404,75.70557947117884
2023-03-03,78.66999816894531,81.12999725341797,77.6500015258789,80.87999725341797,80.87999725341797,11059700,78.6403036406546,69.57629210225652,75.42248934635278
2023-03-06,81.4000015258789,83.08000183105469,80.29000091552734,80.80999755859375,80.80999755859375,10328600,78.81333391594164,69.81393252597766,75.16802579036597
2023-03-07,80.4800033569336,81.4000015258789,77.93000030517578,78.04000091552734,78.04000091552734,8082800,78.99303089488636,70.02258420794197,74.9209871414905
2023-03-08,77.97000122070312,78.69000244140625,75.83000183105469,77.94999694824219,77.94999694824219,8610500,79.2054549708511,70.22134823745556,74.68206011072249
2023-03-09,77.81999969482422,79.62000274658203,73.5,73.80000305175781,73.80000305175781,12475200,79.13393980084044,70.36191005921096,74.37566526355661
2023-03-10,70.61000061035156,73.58000183105469,68.47000122070312,71.01000213623047,71.01000213623047,18383100,78.8112124818744,70.4848314349571,74.09708158959647
2023-03-13,70.0,71.0999984741211,67.25,69.45999908447266,69.45999908447266,14357400,78.46787909305456,70.60235951455792,73.84253221110724
2023-03-14,71.67500305175781,73.86000061035156,71.4000015258789,73.62999725341797,73.62999725341797,13136700,78.25151547518644,70.81573027707218,73.61806867869626
2023-03-15,72.44000244140625,74.13999938964844,71.66999816894531,74.06999969482422,74.06999969482422,9832200,78.0357578161991,71.04224712929029,73.40712446613885
2023-03-16,76.12000274658203,76.5,73.80999755859375,75.08999633789062,75.08999633789062,11453800,77.7709091648911,71.21056168802669,73.20115877732698
2023-03-17,74.94499969482422,75.2300033569336,73.08999633789062,73.9800033569336,73.9800033569336,9756200,77.5948486328125,71.33764039800408,72.99124463126383
2023-03-20,73.38999938964844,75.63999938964844,72.69000244140625,74.5,74.5,10704500,77.37606071703362,71.47235951798686,72.76999998297302
2023-03-21,75.83999633789062,77.97000122070312,75.72000122070312,77.45999908447266,77.45999908447266,10458700,77.1809091279001,71.6998876078745,72.58180256462916
2023-03-22,77.1500015258789,77.1500015258789,72.61000061035156,72.6500015258789,72.6500015258789,17616500,76.70333330559008,71.75887637191944,72.38120171542843
2023-03-23,60.0,65.75,56.5,61.880001068115234,61.880001068115234,140313900,76.01151518388228,71.648988702324,72.10763947646505
2023-03-24,59.75,61.56999969482422,59.09999847412109,60.68000030517578,60.68000030517578,48929800,75.34878782792525,71.54123593448253,71.87656653080887
2023-03-27,62.459999084472656,65.11000061035156,61.54999923706055,64.4000015258789,64.4000015258789,33436700,74.77969695582534,71.44033710608322,71.69068671296083
2023-03-28,64.0,65.8499984741211,63.5,63.7599983215332,63.7599983215332,17257800,74.25333335182883,71.37528087315934,71.5236910054612
2023-03-29,64.80500030517578,67.20999908447266,64.55999755859375,66.48999786376953,66.48999786376953,17574600,73.95969691421047,71.35842694057507,71.34819744584898
2023-03-30,68.98999786376953,70.52999877929688,67.79000091552734,68.48999786376953,68.48999786376953,21097700,73.75545432350852,71.38842692000142,71.21094421255742
2023-03-31,68.58999633789062,70.31999969482422,68.05000305175781,68.6500015258789,68.6500015258789,17878500,73.50787862141927,71.46483144867287,71.07669529075787
2023-04-03,67.5999984741211,68.38999938964844,65.80500030517578,67.83000183105469,67.83000183105469,16969800,73.17545434200403,71.52224718586783,70.91871246861797
2023-04-04,68.26000213623047,69.73999786376953,67.66999816894531,68.83999633789062,68.83999633789062,15229000,72.75575718735203,71.57752806417058,70.7869527923191
2023-04-05,67.21499633789062,68.23999786376953,66.62000274658203,67.66000366210938,67.66000366210938,11586700,72.42333313913056,71.62561798095703,70.6230043075627
2023-04-06,66.80000305175781,69.02999877929688,66.16000366210938,68.0999984741211,68.0999984741211,11359800,72.2136362249201,71.70123595334171,70.47609442191063
2023-04-10,66.33000183105469,66.80000305175781,65.47000122070312,66.36000061035156,66.36000061035156,11598900,72.04424239649917,71.74898876233047,70.30257510729614
2023-04-11,67.05000305175781,67.88999938964844,65.76000213623047,66.41999816894531,66.41999816894531,11471400,71.8466665094549,71.73382024014934,70.17755362711239
2023-04-12,67.27999877929688,67.62000274658203,62.59999847412109,62.7400016784668,62.7400016784668,15733700,71.5009089383212,71.66157308857093,70.03399139207832
2023-04-13,63.290000915527344,65.62000274658203,63.20000076293945,64.55999755859375,64.55999755859375,12875800,71.1130300579649,71.62089890040708,69.9511587609549
2023-04-14,64.30000305175781,65.47000122070312,63.68999862670898,64.04000091552734,64.04000091552734,12061500,70.77666646784002,71.63101127710235,69.86381971170974
2023-04-17,63.81999969482422,64.35900115966797,63.11000061035156,64.19000244140625,64.19000244140625,10833100,70.39666644009677,71.66348322321859,69.83364804312906
2023-04-18,64.80000305175781,65.1500015258789,63.845001220703125,63.900001525878906,63.900001525878906,9487500,70.0109089938077,71.69528099660123,69.78274675295589
2023-04-19,63.0,63.5099983215332,61.43000030517578,62.869998931884766,62.869998931884766,13775700,69.55121196400036,71.68966301907314,69.69141626971985
2023-04-20,61.720001220703125,62.915000915527344,61.540000915527344,62.36000061035156,62.36000061035156,9367800,68.9899999445135,71.66449450374989,69.6169956845787
2023-04-21,62.18000030517578,63.56999969482422,62.02000045776367,63.47999954223633,63.47999954223633,10855300,68.46484848947236,71.63393273514308,69.52553645121694
2023-04-24,63.70000076293945,64.75,63.04999923706055,64.5,64.5,8457400,68.05454543142608,71.56056196234199,69.45017165482811
2023-04-25,63.91999816894531,64.36000061035156,60.970001220703125,61.0,61.0,10416200,67.54090916026722,71.44539342301616,69.33798281624594
2023-04-26,61.209999084472656,61.797000885009766,60.0099983215332,60.56999969482422,60.56999969482422,9262100,67.13999996763287,71.38561814554622,69.23982829802026
2023-04-27,61.18000030517578,61.40999984741211,58.90999984741211,60.58000183105469,60.58000183105469,14361200,66.82393935232452,71.36393279172061,69.14188838516694
2023-04-28,59.83000183105469,61.02999877929688,58.970001220703125,60.790000915527344,60.790000915527344,11809500,66.56121213508375,71.36786540170733,69.07712445238629
2023-05-01,60.68999862670898,61.74599838256836,59.75,60.220001220703125,60.220001220703125,9293600,66.15484861894087,71.35449463062072,69.00103005012218
2023-05-02,59.61000061035156,59.900001525878906,57.630001068115234,57.7599983215332,57.7599983215332,10440300,65.66060615308356,71.30033728781711,68.89094419029138
2023-05-03,57.97999954223633,60.81999969482422,57.41999816894531,59.31999969482422,59.31999969482422,14798400,65.18272746693005,71.28606761975234,68.75703862398991
2023-05-04,59.220001220703125,61.380001068115234,59.209999084472656,60.43000030517578,60.43000030517578,16023900,64.77212131384647,71.28089909071333,68.64081544016564
2023-05-05,60.63999938964844,62.06999969482422,58.79499816894531,59.25,59.25,25446800,64.31000010172527,71.27404515127118,68.54356220556431
2023-05-08,59.27000045776367,59.77000045776367,57.77000045776367,58.79999923706055,58.79999923706055,13623600,63.74454556089459,71.27089905470945,68.42064373687613
2023-05-09,58.40999984741211,59.71500015258789,57.88999938964844,59.31999969482422,59.31999969482422,8377200,63.34060611146869,71.2304496336519,68.31858365627829
2023-05-10,59.970001220703125,60.0,57.150001525878906,57.52999877929688,57.52999877929688,12457000,63.208787860292375,71.17078669687335,68.20763945681854
2023-05-11,56.650001525878906,58.0,55.70000076293945,57.310001373291016,57.310001373291016,11818500,63.1066666805383,71.08842716859968,68.09051500574202
2023-05-12,57.29999923706055,57.29999923706055,55.11000061035156,55.560001373291016,55.560001373291016,11793900,62.83878788803563,70.96775299243713,67.96523604167889
2023-05-15,55.29999923706055,57.119998931884766,55.04999923706055,56.869998931884766,56.869998931884766,9421500,62.63000002774325,70.87966310308221,67.880643754558
2023-05-16,55.7400016784668,56.595001220703125,55.04999923706055,55.540000915527344,55.540000915527344,8377500,62.29818193840258,70.728539541866,67.81055790978951
2023-05-17,56.06999969482422,57.83000183105469,55.459999084472656,57.7599983215332,57.7599983215332,9165900,61.973030437122695,70.60157325830352,67.78909868232171
2023-05-18,57.93999862670898,60.130001068115234,57.52000045776367,59.52000045776367,59.52000045776367,9851300,61.6963637380889,70.48348338952225,67.7857510480758
2023-05-19,59.47499847412109,59.59999847412109,58.14500045776367,58.650001525878906,58.650001525878906,6607900,61.41818191065933,70.33719129240914,67.76746779347694
2023-05-22,58.0,61.31999969482422,57.540000915527344,60.619998931884766,60.619998931884766,11142100,61.169091080174304,70.21157326859034,67.78081543558146
2023-05-23,60.33000183105469,62.54999923706055,59.81999969482422,61.560001373291016,61.560001373291016,12693600,60.98424252596769,70.09820248035902,67.79390557743449
2023-05-24,60.595001220703125,62.025001525878906,59.959999084472656,61.86000061035156,61.86000061035156,8886700,60.79515168161103,69.94943845941779,67.79965665105075
2023-05-25,62.02000045776367,62.16999816894531,59.0099983215332,59.29999923706055,59.29999923706055,8927200,60.58121224605676,69.8055058597179,67.79386264981119
2023-05-26,59.5,60.400001525878906,58.970001220703125,59.0,59.0,10070300,60.35636381669478,69.67134852891557,67.75836910198686
2023-05-30,59.7599983215332,60.08000183105469,57.77999877929688,58.84000015258789,58.84000015258789,9715800,60.2381819522742,69.47674174790971,67.70618026144002
2023-05-31,58.40999984741211,61.20000076293945,58.36000061035156,60.38999938964844,60.38999938964844,15274700,60.11181837139708,69.23775293585959,67.66738197424893
2023-06-01,59.68000030517578,62.40499877929688,59.040000915527344,61.5,61.5,8765300,60.034848646684125,69.02101135253906,67.64978541427416
2023-06-02,62.5,63.9900016784668,61.27000045776367,63.459999084472656,63.459999084472656,10643200,60.012727332837656,68.82651699794812,67.64815450840241
2023-06-05,63.709999084472656,64.0,62.573001861572266,63.540000915527344,63.540000915527344,5880700,60.00181822343306,68.62820237406184,67.65708155488763
2023-06-06,62.36000061035156,66.18000030517578,62.209999084472656,65.9800033569336,65.9800033569336,10479600,60.096060781767875,68.42764059345375,67.66600860137285
2023-06-07,66.5,67.61000061035156,65.11000061035156,66.23999786376953,66.23999786376953,9270900,60.213636456113875,68.27539336815309,67.66390557350519
2023-06-08,66.37000274658203,66.91000366210938,64.81999969482422,65.08999633789062,65.08999633789062,8673000,60.26242423780037,68.08853938070575,67.66442057400813
2023-06-09,65.26000213623047,66.5,64.56999969482422,64.94000244140625,64.94000244140625,6558200,60.27575764511571,67.87550568312741,67.64858368640294
2023-06-12,65.20999908447266,65.64900207519531,63.58000183105469,64.19999694824219,64.19999694824219,6165600,60.3727272496079,67.60348313578059,67.63648068342086
2023-06-13,65.37999725341797,66.4000015258789,64.87000274658203,65.5199966430664,65.5199966430664,10102900,60.52272715713038,67.38786513082097,67.64630899715833
2023-06-14,64.83999633789062,65.87000274658203,62.869998931884766,63.68999862670898,63.68999862670898,9173900,60.61696948427142,67.17595496874178,67.64055792354208
2023-06-15,63.650001525878906,66.86000061035156,63.560001373291016,66.19000244140625,66.19000244140625,9395500,60.78060589414655,66.98505611633986,67.64931329227824
2023-06-16,66.51000213623047,67.79000091552734,65.70099639892578,66.51000213623047,66.51000213623047,12245500,60.97121198249586,66.82078650828159,67.66686695737388
2023-06-20,65.88999938964844,67.51499938964844,65.3499984741211,66.80000305175781,66.80000305175781,7456800,61.24515151977539,66.71539328071509,67.67038626936883
2023-06-21,66.70999908447266,67.27999877929688,64.80999755859375,65.45999908447266,65.45999908447266,8859000,61.43121210734049,66.60561795181103,67.6669098849972
2023-06-22,64.88999938964844,65.1500015258789,63.13999938964844,64.11000061035156,64.11000061035156,7225500,61.5427272681034,66.46280897333381,67.64484980177981
2023-06-23,62.79999923706055,63.34000015258789,61.85499954223633,62.86000061035156,62.86000061035156,17123000,61.652121225992836,66.28370782230677,67.59369101135516
2023-06-26,62.65999984741211,64.14900207519531,61.650001525878906,61.75,61.75,5506300,61.741515188506156,66.04842689599883,67.53785409231554
2023-06-27,62.33000183105469,64.55999755859375,62.04499816894531,63.93000030517578,63.93000030517578,5865400,61.881212176698625,65.88325839096241,67.5040772564933
2023-06-28,63.70000076293945,65.61000061035156,63.33000183105469,64.7699966430664,64.7699966430664,6638500,62.10060605135831,65.76808985163656,67.47549354978896
2023-06-29,64.875,65.7699966430664,63.7400016784668,64.38999938964844,64.38999938964844,6240900,62.31515144579338,65.68314605884338,67.46690985880184
2023-06-30,65.0999984741211,66.89800262451172,64.80999755859375,66.56999969482422,66.56999969482422,8715300,62.64878775856712,65.61157299427504,67.44034332471855
2023-07-03,66.66999816894531,67.30000305175781,66.04000091552734,66.19999694824219,66.19999694824219,5669900,62.93151497118401,65.52224710014428,67.40394846052571
2023-07-05,65.7300033569336,69.4000015258789,65.13999938964844,68.97000122070312,68.97000122070312,12995800,63.33848467740145,65.42797744408082,67.37351929169355
2023-07-06,67.37999725341797,67.37999725341797,63.43999862670898,64.61000061035156,64.61000061035156,16449000,63.546060504335344,65.30966285105502,67.31686694427621
2023-07-07,64.19999694824219,68.41999816894531,64.0999984741211,67.2699966430664,67.2699966430664,11725600,63.780908873586945,65.20337064078684,67.26613733185208
2023-07-10,66.83999633789062,69.6500015258789,66.72000122070312,69.05999755859375,69.05999755859375,9165900,64.09636329882073,65.1183144644405,67.18454933985109
2023-07-11,69.75,72.12000274658203,69.05999755859375,71.0999984741211,71.0999984741211,10022600,64.41393904252486,65.04033690891909,67.10472102021966
2023-07-12,72.83000183105469,73.04000091552734,70.58000183105469,71.22000122070312,71.22000122070312,7823900,64.70666631062825,64.93179762765263,67.03386264195258
2023-07-13,72.73999786376953,76.6500015258789,72.52999877929688,76.19999694824219,76.19999694824219,15648300,65.1412116542007,64.87999986798576,66.99394846576477
2023-07-14,76.31500244140625,77.11000061035156,74.83999633789062,75.45999908447266,75.45999908447266,9338000,65.6309086192738,64.85101108336717,66.96961370967489
2023-07-17,75.30500030517578,78.80000305175781,74.30999755859375,78.05999755859375,78.05999755859375,10001900,66.20848430286755,64.85224704528123,66.92334762049336
2023-07-18,78.06500244140625,79.20999908447266,77.56999969482422,79.02999877929688,79.02999877929688,6736800,66.82030244307084,64.91101104221987,66.89347637978746
2023-07-19,79.1500015258789,80.5999984741211,78.11000061035156,78.19000244140625,78.19000244140625,8320700,67.3596964749423,64.99168520295218,66.85158799134611
2023-07-20,77.2249984741211,77.94999694824219,75.66000366210938,76.16999816894531,76.16999816894531,7231300,67.80424187400125,65.06707845109233,66.80630900829135
2023-07-21,76.87999725341797,77.6050033569336,75.08000183105469,76.12000274658203,76.12000274658203,5255700,68.18787834861062,65.09505604090316,66.76442061985
2023-07-24,75.86000061035156,77.26000213623047,74.36000061035156,77.13999938964844,77.13999938964844,5016000,68.59999951449308,65.12955041949668,66.75072962224739
2023-07-25,77.58000183105469,78.25,76.79000091552734,76.87000274658203,76.87000274658203,3362600,68.92999949599758,65.14955049150446,66.73849786913958
2023-07-26,76.16000366210938,77.84500122070312,75.76000213623047,77.41000366210938,77.41000366210938,4235200,69.26848452018969,65.1880898207761,66.75158801099262
2023-07-27,78.83000183105469,79.44000244140625,75.4000015258789,75.7699966430664,75.7699966430664,5911900,69.5921208930738,65.20235944597908,66.76343348097903
2023-07-28,78.31500244140625,78.9800033569336,77.3499984741211,78.36000061035156,78.36000061035156,6225700,69.99878750425397,65.21247182267436,66.79527896668266
2023-07-31,79.37999725341797,81.47000122070312,79.16000366210938,80.52999877929688,80.52999877929688,7815000,70.49363604458895,65.30101111765659,66.82922744750977
2023-08-01,79.87999725341797,79.9000015258789,77.77999877929688,78.76000213623047,78.76000213623047,6731500,70.8948483322606,65.4906740510062,66.84695279035445
2023-08-02,77.13500213623047,77.13500213623047,73.87000274658203,74.48999786376953,74.48999786376953,10439800,71.22212103641394,65.6458425629005,66.871072941072
2023-08-03,73.36000061035156,73.87999725341797,71.51000213623047,73.55000305175781,73.55000305175781,13742600,71.44515135793975,65.74865156880925,66.89596565803234
2023-08-04,67.68000030517578,70.39800262451172,63.20000076293945,63.52000045776367,63.52000045776367,33447600,71.35454524647106,65.74595496359836,66.87223174131991
2023-08-07,64.16000366210938,65.1500015258789,63.27999877929688,64.01000213623047,64.01000213623047,16331200,71.26999976418234,65.7180898430642,66.85120169185262
2023-08-08,62.79999923706055,63.58000183105469,62.31999969482422,62.380001068115234,62.380001068115234,11439300,71.1766664909594,65.64943819367484,66.82386264064282
2023-08-09,63.630001068115234,64.5469970703125,62.40999984741211,62.709999084472656,62.709999084472656,12169200,71.1342422022964,65.5826965932096,66.8083261481682
2023-08-10,63.060001373291016,64.26000213623047,61.810001373291016,62.2400016784668,62.2400016784668,8642500,71.11545435587566,65.51988760273109,66.79519309506396
2023-08-11,61.59999847412109,62.36000061035156,60.52999877929688,60.56999969482422,60.56999969482422,7733100,71.07969677087033,65.42696629213484,66.76407721523563
2023-08-14,60.060001373291016,60.4900016784668,59.63999938964844,60.150001525878906,60.150001525878906,7408100,70.96515135331587,65.34258424566033,66.71927037054888
2023-08-15,60.09000015258789,60.36000061035156,58.130001068115234,58.36000061035156,58.36000061035156,9501100,70.77090904929422,65.23314606741573,66.65090127052667
2023-08-16,58.13999938964844,58.95000076293945,57.43999862670898,57.4900016784668,57.4900016784668,8309200,70.56181820956144,65.13348315806871,66.57467810176473
2023-08-17,57.06999969482422,57.52000045776367,56.08000183105469,56.09999847412109,56.09999847412109,10195200,70.2445454452977,65.01752810531788,66.51682401010407
2023-08-18,55.02999877929688,57.27000045776367,54.72499847412109,56.880001068115234,56.880001068115234,9827600,69.9621213277181,64.95168540183079,66.46669526980159
2023-08-21,56.84000015258789,57.560001373291016,55.9900016784668,57.560001373291016,57.560001373291016,9422900,69.6163637565844,64.87303375929929,66.41682402975057
2023-08-22,57.810001373291016,58.0,55.630001068115234,56.06999969482422,56.06999969482422,10503800,69.35757585005327,64.78348318378578,66.37896995380713
2023-08-23,56.29999923706055,57.400001525878906,55.900001525878906,57.220001220703125,57.220001220703125,12207300,69.05303053422408,64.70516856332843,66.35111588572228
2023-08-24,57.56999969482422,57.56999969482422,55.310001373291016,55.630001068115234,55.630001068115234,7952700,68.64606094360352,64.61224720987042,66.32605150738499
2023-08-25,55.400001525878906,56.630001068115234,54.970001220703125,55.86000061035156,55.86000061035156,7741000,68.1842428265196,64.53348318378578,66.31064378140822
2023-08-28,56.0099983215332,56.45000076293945,55.2599983215332,55.869998931884766,55.869998931884766,5333600,67.71909124200994,64.46056181661199,66.31038626478465
2023-08-29,55.56999969482422,57.900001525878906,55.459999084472656,57.7599983215332,57.7599983215332,7329800,67.16030340483694,64.39629213997488,66.31678110540169
2023-08-30,57.33000183105469,58.209999084472656,56.97999954223633,57.720001220703125,57.720001220703125,6813200,66.62272771199544,64.32011237840975,66.33214592012725
2023-08-31,57.79999923706055,58.5,57.16999816894531,57.650001525878906,57.650001525878906,7392900,66.00424298373136,64.28247194611625,66.34317596173594
2023-09-01,58.38999938964844,59.040000915527344,57.84999847412109,58.16999816894531,58.16999816894531,5737100,65.37212175311464,64.2555056368367,66.33931329424288
2023-09-05,58.15999984741211,59.19499969482422,57.78499984741211,58.7400016784668,58.7400016784668,5987000,64.78272779060133,64.23483147781886,66.3515021360995
2023-09-06,57.68000030517578,59.720001220703125,57.4900016784668,57.63999938964844,57.63999938964844,10491600,64.22121267607717,64.1994382022472,66.36287551683418
2023-09-07,56.220001220703125,56.5,55.13999938964844,56.040000915527344,56.040000915527344,9075800,63.61272777210582,64.15247190668342,66.36399140583087
2023-09-08,56.0,56.0,52.77999877929688,53.08000183105469,53.08000183105469,20691100,62.88363693699692,64.09988767645332,66.32394849588943
2023-09-11,53.95500183105469,55.20000076293945,53.27000045776367,53.93999862670898,53.93999862670898,10420000,62.1887883273038,64.03943822624979,66.28871243194449
2023-09-12,53.78499984741211,55.729000091552734,53.650001525878906,54.33000183105469,54.33000183105469,10233100,61.48939433242335,63.97089891755179,66.25609441274226
2023-09-13,54.07500076293945,54.58000183105469,53.61000061035156,54.150001525878906,54.150001525878906,5735300,60.83424296523585,63.91359556390998,66.24210300363696
2023-09-14,54.61000061035156,54.72999954223633,53.56999969482422,53.84999847412109,53.84999847412109,8090000,60.09151562777433,63.857977577809535,66.23021458965515
2023-09-15,53.68000030517578,54.08000183105469,52.2599983215332,52.83000183105469,52.83000183105469,11826900,59.2521217808579,63.78505625349752,66.22755365003331
2023-09-18,52.810001373291016,52.810001373291016,51.2400016784668,51.25,51.25,11564000,58.418485352487274,63.714494469460476,66.20656652818934
2023-09-19,49.93999862670898,50.630001068115234,49.369998931884766,49.79999923706055,49.79999923706055,17971800,57.670303575920336,63.630112422985974,66.17896996035596
2023-09-20,49.9900016784668,50.060001373291016,47.52000045776367,47.56999969482422,47.56999969482422,15313500,56.88303074692235,63.54033712322792,66.16206009500529
2023-09-21,46.5099983215332,46.93000030517578,45.27000045776367,45.619998931884766,45.619998931884766,19485700,56.34060645825935,63.4139326288459,66.11785408969601
2023-09-22,45.88999938964844,46.18000030517578,44.59999847412109,44.709999084472656,44.709999084472656,11866500,55.75575788093336,63.29224721501382,66.06394850440292
2023-09-25,44.619998931884766,45.7400016784668,44.33000183105469,45.59000015258789,45.59000015258789,8841300,55.24696997440223,63.155505662553765,66.02811160108051
2023-09-26,44.93999862670898,45.7400016784668,44.560001373291016,44.810001373291016,44.810001373291016,10168200,54.70454580133612,62.99022477396419,65.98360516789646
2023-09-27,45.2599983215332,45.36000061035156,43.75,44.13999938964844,44.13999938964844,11656100,54.15606088349313,62.82719104209643,65.93274678897448
2023-09-28,44.02999877929688,44.560001373291016,42.77000045776367,44.34999847412109,44.34999847412109,16585100,53.66454569498698,62.64438204818897,65.8784978481833
2023-09-29,45.209999084472656,45.630001068115234,44.209999084472656,44.2599983215332,44.2599983215332,11939600,53.183030446370445,62.449999991427646,65.81240342103361
2023-10-02,44.31999969482422,44.720001220703125,42.97999954223633,43.18999862670898,43.18999862670898,10433200,52.723333416563094,62.24022468824065,65.74253216526539
2023-10-03,42.56999969482422,43.290000915527344,41.4900016784668,41.900001525878906,41.900001525878906,11399900,52.250909169514976,62.044719095980184,65.66373389575614
2023-10-04,42.0,42.220001220703125,41.2400016784668,41.900001525878906,41.900001525878906,11048000,51.82060623168945,61.852584281664214,65.58051501425551
2023-10-05,41.5099983215332,42.81499862670898,40.77000045776367,42.63999938964844,42.63999938964844,15916700,51.38909102931167,61.67056180118175,65.50570814599295
2023-10-06,42.150001525878906,44.04999923706055,42.150001525878906,43.83000183105469,43.83000183105469,13235200,50.973030437122695,61.484494412882945,65.44060085771422
2023-10-09,43.119998931884766,43.81499862670898,42.88999938964844,43.709999084472656,43.709999084472656,7787600,50.598484964081734,61.28460676214668,65.39369098515981
2023-10-10,44.29999923706055,46.540000915527344,44.29999923706055,46.0,46.0,15783400,50.258484927090734,61.08842699715261,65.35974248796062
2023-10-11,46.34000015258789,47.53499984741211,46.02000045776367,46.68999862670898,46.68999862670898,15563000,49.98757576219963,60.89910112873892,65.30214591292352
2023-10-12,47.04999923706055,47.22499847412109,45.12099838256836,45.45000076293945,45.45000076293945,13843000,49.67212122136896,60.66842694228954,65.22824034465741
2023-10-13,44.630001068115234,44.869998931884766,43.13999938964844,43.16999816894531,43.16999816894531,13495900,49.2872727134011,60.40921346257242,65.14523605215703
2023-10-16,43.84000015258789,44.95000076293945,43.595001220703125,44.7599983215332,44.7599983215332,9192200,48.8933333194617,60.180786518568404,65.09180257248777
2023-10-17,44.18000030517578,46.380001068115234,44.09000015258789,45.900001525878906,45.900001525878906,11581300,48.53515151052764,59.966853924011915,64.99952789437617
2023-10-18,45.275001525878906,45.880001068115234,44.54999923706055,44.58000183105469,44.58000183105469,8206400,48.13909091371478,59.74640454067273,64.88330471055191
2023-10-19,44.380001068115234,45.56999969482422,43.959999084472656,44.16999816894531,44.16999816894531,10885100,47.71484848947236,59.506516917367996,64.77128754971876
2023-10-20,44.51499938964844,44.560001373291016,43.70000076293945,43.97999954223633,43.97999954223633,9975600,47.267575697465375,59.28505625349752,64.64510730203129
2023-10-23,43.58000183105469,44.56499862670898,42.810001373291016,43.900001525878906,43.900001525878906,9641600,46.851212125836,59.03460680500845,64.53502145857259
2023-10-24,44.77999877929688,46.150001525878906,44.71099853515625,45.34999847412109,45.34999847412109,11482200,46.527272657914594,58.79685395487239,64.43785407921787
2023-10-25,43.560001373291016,43.650001525878906,41.29999923706055,41.720001220703125,41.720001220703125,20833400,46.18303021517667,58.515056181489754,64.33442060937186
2023-10-26,41.65999984741211,42.88999938964844,41.54499816894531,41.68000030517578,41.68000030517578,11861500,45.81151511452415,58.24786518396956,64.2478540936253
2023-10-27,40.36000061035156,40.52000045776367,38.90999984741211,40.02000045776367,40.02000045776367,19872600,45.377878709272906,57.97719102495172,64.15042919764703
2023-10-30,40.369998931884766,40.86000061035156,38.84999847412109,39.220001220703125,39.220001220703125,15531800,44.925454457600914,57.711573054281516,64.04442062705371
2023-10-31,39.47999954223633,40.380001068115234,38.8849983215332,40.25,40.25,9734500,44.51333329171845,57.47000002057365,63.94515023620343
2023-11-01,39.95000076293945,41.095001220703125,39.34000015258789,40.959999084472656,40.959999084472656,11957100,44.15363623879173,57.211910119217436,63.85755367033472
2023-11-02,43.709999084472656,44.09999847412109,42.77999877929688,43.97999954223633,43.97999954223633,30573900,43.93333319461707,56.9783146461744,63.779742506952246
2023-11-03,50.79999923706055,52.130001068115234,48.400001525878906,48.68000030517578,48.68000030517578,49363300,43.899393833044805,56.80179780252864,63.69781119219735
2023-11-06,49.18999862670898,49.92100143432617,48.152000427246094,49.52000045776367,49.52000045776367,22090200,43.95848476525509,56.61022477739313,63.613476438072105
2023-11-07,49.70500183105469,51.630001068115234,49.70500183105469,51.04999923706055,51.04999923706055,22098700,44.1230302290483,56.440000084009064,63.5399571201832
2023-11-08,50.959999084472656,53.04999923706055,50.630001068115234,52.27000045776367,52.27000045776367,19517500,44.352121179754086,56.25235962599851,63.493304764252365
2023-11-09,52.79499816894531,53.34999847412109,50.97999954223633,51.04999923706055,51.04999923706055,16380500,44.517575697465375,56.10000006000647,63.44931334794335
2023-11-10,50.9900016784668,51.70000076293945,50.869998931884766,51.5,51.5,9510200,44.72030292857777,55.922809086488876,63.40824038787973
2023-11-13,50.95000076293945,52.209999084472656,50.86000061035156,52.02000045776367,52.02000045776367,9727500,44.959090839732774,55.731348444906516,63.35952794807663
2023-11-14,53.959999084472656,55.33000183105469,53.81999969482422,55.09999847412109,55.09999847412109,15519200,45.28484841549035,55.551573164007635,63.31875541588779
2023-11-15,55.52000045776367,57.27000045776367,55.45000076293945,56.29999923706055,56.29999923706055,14683100,45.64969692808209,55.38393269228131,63.276266155324784
2023-11-16,56.02000045776367,56.45000076293945,55.4900016784668,56.27999877929688,56.27999877929688,9462600,46.04636359937263,55.160112488135866,63.21296143429474
2023-11-17,56.43999862670898,58.400001525878906,56.400001525878906,58.18999862670898,58.18999862670898,12031000,46.53999987515536,54.96606753917223,63.15690992625486
2023-11-20,57.91999816894531,59.53499984741211,57.47600173950195,59.27000045776367,59.27000045776367,10463400,47.06636347915187,54.75494397624155,63.128497913671666
2023-11-21,58.66999816894531,59.334999084472656,58.060001373291016,58.66999816894531,58.66999816894531,8125100,47.552121017918445,54.526179924439845,63.112017226321505
2023-11-22,59.130001068115234,59.72999954223633,58.3390007019043,59.02000045776367,59.02000045776367,7702100,48.012424006606594,54.31078664372476,63.10592281357925
2023-11-24,58.970001220703125,60.040000915527344,58.68000030517578,59.650001525878906,59.650001525878906,5162600,48.495454383618906,54.12516870391503,63.0983691727143
2023-11-27,59.11000061035156,60.77999877929688,59.0,60.310001373291016,60.310001373291016,10451600,48.92909078887015,53.94752823904659,63.08862668147926
2023-11-28,60.5,64.0,60.38999938964844,63.34000015258789,63.34000015258789,15851200,49.43363628965436,53.79247206784366,63.10042925658656
2023-11-29,63.58000183105469,65.11000061035156,63.58000183105469,63.72999954223633,63.72999954223633,13983700,49.98757564660275,53.64483158240157,63.11261809844316
2023-11-30,64.08999633789062,64.19999694824219,62.68000030517578,63.43000030517578,63.43000030517578,9036600,50.6015151052764,53.487752892997825,63.12793998554541
2023-12-01,63.5,65.16999816894531,63.38999938964844,65.04000091552734,65.04000091552734,11939200,51.216060638427734,53.367191143250196,63.153519380757736
2023-12-04,65.0,65.33000183105469,64.19000244140625,65.0,65.0,8865200,51.79484847097686,53.21707877684175,63.16244642724295
2023-12-05,64.31999969482422,64.94000244140625,63.380001068115234,64.88999938964844,64.88999938964844,8606200,52.4103029424494,53.04134844662099,63.171244707230336
2023-12-06,65.79000091552734,69.94999694824219,65.79000091552734,68.0,68.0,20160600,53.13242421005712,52.9204495462139,63.18566531070824
2023-12-07,67.02899932861328,68.87999725341797,66.87999725341797,68.47000122070312,68.47000122070312,12668300,53.87454547304095,52.85280913449405,63.19497860757066
2023-12-08,67.8499984741211,70.66699981689453,67.5999984741211,69.16999816894531,69.16999816894531,11477300,54.64030294707327,52.803595596484925,63.21412023454265
2023-12-11,68.92500305175781,70.26000213623047,68.23999786376953,68.55999755859375,68.55999755859375,8109700,55.34363625266335,52.86022477739313,63.212274739670654
2023-12-12,69.20999908447266,69.56999969482422,68.33000183105469,69.56999969482422,69.56999969482422,6414700,56.18757560036399,52.92269666007395,63.21446359004074
2023-12-13,69.7300033569336,70.54000091552734,66.7300033569336,70.05999755859375,70.05999755859375,16628000,57.047575517134234,53.00898875547259,63.214592340166476
2023-12-14,71.80000305175781,75.44000244140625,71.7750015258789,74.76000213623047,74.76000213623047,20563600,58.10030284072413,53.14438204818897,63.22785415976856
2023-12-15,74.83000183105469,75.48999786376953,73.66000366210938,74.20999908447266,74.20999908447266,11125600,59.16060580629291,53.27887640106544,63.23819749038107
